5.836366101041018384e-01
-2.848560909576763889e-02
1.328876281028170236e+00
-6.077295791023860083e-01
-3.136750674398592897e-01
-1.195764777088628161e+00
8.683809052471380685e-02
-8.063972593768702346e-01
6.192816515748683637e-01
1.188800607005106258e+00
9.956768178519731505e-01
-5.439644444764887288e-01
-3.542911605759844207e-01
-5.310298096239951526e-01
9.209032642935639501e-01
-7.309052049857522881e-01
-9.794922227832926209e-01
1.304429073224660396e+00
-2.727409380453658105e-01
-2.461305499426881538e-02
-7.035932187165221396e-01
-1.202541238750635788e+00
1.127956126870500286e+00
7.014524597350219048e-01
-2.802031934318462425e-01
4.944846196467003741e-01
-2.695641869570725158e-01
1.165024874058073312e+00
1.203572233345433729e+00
-1.284090412992787034e+00
8.455388840169104636e-01
-5.247640774094225469e-01
1.156563569449357676e+00
-5.622536209740991442e-01
1.980207300957782801e-01
7.927758974258771740e-01
-2.900190479163557988e-01
5.680059838760941338e-01
-1.249940439461527886e+00
1.037399349367575052e+00
9.094671711250743584e-01
-3.347933022355628618e-02
9.490099487908487674e-01
-1.103712148987919139e+00
-1.082932845742476502e+00
3.296600409896035533e-01
1.071696259777416699e-02
4.485171211393156054e-02
-1.608084942808082340e-01
-8.380942129127076923e-01
1.236202351297455371e+00
1.137199239307780996e+00
8.681767211118753824e-01
4.378467763301493454e-01
-1.298713315865583695e+00
-8.185522975356835929e-01
2.541982269159279717e-01
5.035179512167706761e-01
-1.173655275103027584e+00
-1.225929952537913703e+00
-8.421403669909670597e-01
7.200509216869586115e-01
-2.674156864618009166e-01
-1.147348447465920573e+00
8.887376922688219327e-01
-3.731973442099784100e-01
-5.830335403880386735e-01
-4.990841395705991612e-01
-7.358576225327690956e-01
-3.769505994850071984e-01
6.800095560063716960e-01
7.566015859061612225e-01
1.175458870138939016e-01
-4.018742885832096157e-01
-8.264569355416650359e-03
6.130493490661199640e-01
6.942217964055443780e-01
-5.724894669337154962e-01
-2.055770371046516110e-01
-1.096865246419020945e+00
-8.784639487898987520e-01
7.195544197029795086e-01
-8.594546463830319283e-01
-1.584511203053668160e-01
9.643285908484807711e-01
1.129789900004434522e-01
-2.255954733171191273e-01
1.273824564999935516e-01
8.158126875010131007e-01
-7.510102989207190216e-01
-2.152972457622557012e-01
-1.889722499654745980e-01
-1.221559075040246078e+00
-1.214820954408115883e+00
-1.296173142673353818e+00
-4.783591913682366803e-01
-1.247050044438756444e+00
-2.856180435096761228e-01
1.328334580454592739e+00
-9.546218197561933128e-01
9.514326394930195940e-01
-5.089498949802510053e-01
-1.863790322414330541e-02
-2.818465407802517864e-01
2.669491585641809439e-01
3.205238371499883332e-01
-5.927363902412381425e-01
-7.791366572487039566e-01
-1.346739467120350309e-02
9.777032383502199941e-01
-5.388250152261355730e-01
3.276876816694906935e-01
-6.318624293825408911e-01
8.157410551898891526e-01
3.160885811810816293e-01
-6.395579196704126446e-01
1.018906173161146178e+00
9.020698187006222224e-02
-2.227037215797656455e-01
-1.206758731020221909e+00
8.950111866303553931e-01
4.279095236771273680e-01
-1.016272759251687363e+00
-6.578123438812187862e-01
3.642214241881273074e-01
1.328876281028170236e+00
3.490838119839745346e-01
-6.663092696133657844e-01
-9.972803806291481443e-01
4.957117465873672191e-01
5.465598644168880860e-01
1.036802290385805403e+00
-3.300507293840597711e-01
-1.062563291193291626e+00
7.878953198835441096e-01
1.026936928474871724e+00
9.981501971406923079e-01
1.085477103653165409e+00
2.389179647735312217e-01
1.170850137250606937e-01
-1.098421274764390221e+00
-2.541092601184162247e-01
1.069006268414584016e+00
-1.054289497195199710e+00
3.806964737770869300e-01
1.485590513697098713e-01
1.092191356418565906e+00
-2.305107756724778523e-01
-5.698096964325529701e-01
1.389976767201756835e-01
5.547728625801657820e-01
3.765136694966261244e-01
-7.964007396417767115e-01
9.650154697733490661e-01
9.508760617792136882e-01
-1.245743082560522019e+00
-1.015822593167754473e+00
-7.688806996298579444e-01
8.862178695985105659e-01
8.363371731035776913e-01
-7.588813798873801364e-01
-2.317548980986527951e-02
8.122606345843752518e-01
9.451319213637665584e-01
2.548926468682130020e-01
-1.791961767221180168e-01
-8.050513765575713077e-01
-4.142882680588215738e-01
1.215754947558777221e+00
-1.200113221000608688e+00
-9.843616270991417672e-01
6.517304348395306368e-01
-1.234884837186563458e-02
-1.090039173986155907e+00
-1.398048007600473097e-01
-5.675686343220125440e-01
-3.410958383773213809e-01
-1.177934490283971902e+00
1.697623265036804496e-01
5.689835984169178129e-02
5.926936581335169318e-01
-9.270869889002513187e-01
-3.245353684252201276e-01
1.313016370691557633e+00
-7.570269925389720989e-01
-1.311105013169371558e+00
1.183044528028358300e-01
1.585343675128158547e-01
-5.116163583587546304e-01
8.973398962815968272e-01
-4.122447264703450465e-01
-9.678676316866602347e-01
2.668620997812518603e-01
-4.311462043628782048e-01
2.031407157893348470e-01
-1.002136922936552876e+00
7.973150452092772067e-01
-1.676848588230231418e-01
-1.109098055947204814e-01
2.031363461013488692e-01
1.256596016887248979e+00
-7.359869066414308492e-01
2.859591842259814332e-01
-3.209926337225117443e-01
-7.694423503369886286e-02
-7.380567473386137056e-01
5.548786741941950096e-01
6.049268600288078002e-01
-4.949743341063095325e-01
9.544741440437135571e-01
6.635977978227464158e-01
2.854810516572279244e-01
1.120469695532167353e+00
-5.561176929915854217e-01
8.365511842598614134e-01
-8.007394143656780816e-01
-1.242842411341284203e-01
1.072517198128731586e+00
3.324207566617345400e-01
1.655721560306020745e-01
-6.127484250143627742e-01
-9.008468522905048737e-01
1.697001081993899374e-01
-6.176210983114029940e-01
9.708000775824243700e-01
-8.062426555752719715e-01
-9.701952361548110693e-01
4.141872239857699589e-01
1.240077304403446767e+00
-4.929379863905205550e-01
8.455347695979454903e-01
-7.520454402767743352e-01
-2.561909784792867906e-01
1.252879676996615510e+00
-7.792554831207455512e-01
-1.330750481922084338e+00
1.168156236692633243e+00
-9.689843730368241648e-01
7.193430998786105590e-01
1.182989409068820219e+00
-1.714983936665556707e-01
5.676188412614260326e-01
1.015710258332871985e-02
-2.781864049693328345e-01
-4.818333421129702421e-01
8.721679723539139673e-01
-1.154525682475911141e+00
3.328933505256287950e-01
-4.416924848994147751e-02
-2.558466075336004453e-01
7.973640897034000030e-01
-1.019525132567192571e+00
1.087578531905992740e+00
-2.749002467873375433e-01
-1.379808634171098003e-01
7.955816933725466944e-01
2.920387471518365308e-01
7.839611706541558256e-01
-7.228874445322646114e-01
-1.241253761096308000e-01
2.464278691564628643e-01
1.133853739275423100e+00
1.000270108263047630e+00
6.939083293096288685e-01
-4.476792941922875246e-01
9.946600396334193128e-02
