-7.170430912463279238e-01
1.267128525560448082e+00
-3.141097832454901040e-01
2.893000848651326451e-01
5.358081869930824137e-01
3.383973680395853667e-01
1.325847607977350018e+00
-1.014199160239439568e+00
1.778105762938030632e-01
7.783764029287287833e-01
-1.181053104589734115e+00
-5.093730481005570576e-01
3.348023059630769738e-01
5.240084054529822177e-01
-4.325346219567169359e-01
-1.252582566163896960e+00
-1.711187530233825027e-01
-9.782982618272202391e-01
-5.159340554311467875e-01
7.339126358877917644e-01
-5.576518955687899126e-01
6.507854399141296264e-01
-8.331923396166612816e-01
7.086931005751377910e-01
-9.832175621001090216e-01
-3.461608518300699489e-01
5.153527582936704432e-01
1.198854750380647260e+00
-7.160925865881321295e-01
-9.826452351939785057e-01
-5.674264987907979840e-01
3.117197208614296278e-01
4.513796308706615606e-02
-7.560527794178908967e-02
4.810026864717474870e-01
-2.739717297081873393e-01
-1.111371182028729476e-01
-9.465831627308587404e-01
8.832238141133452736e-01
1.617053834902685838e-01
4.425407942843133102e-01
-8.984738148153785520e-02
-7.262042111339954698e-01
-1.062954030212202250e+00
-8.624632562672798208e-01
-8.475301471812225762e-02
3.315749674125223478e-01
7.009646530376059115e-01
-9.413041738397595060e-01
-3.873152934592291041e-01
-9.278829730935513886e-01
-5.607530616434194259e-01
3.725443566851966426e-01
-1.212602089231261115e-01
5.817287605771415127e-01
4.275406679950676803e-01
4.605116169554959171e-01
5.315578702540292300e-01
-9.094765467952686810e-02
1.166840416611689690e+00
8.724627979976099512e-01
6.188245656035975539e-01
-1.117038536612167565e+00
6.156605079718703299e-01
9.389065045864753989e-01
9.222822248843055570e-01
-3.678384353227558412e-01
6.335041708148266837e-01
3.876108720900504623e-01
9.141893088392648581e-01
7.614220836424807626e-01
2.330472946695437142e-01
-5.370762693747465066e-01
-2.045469477880612064e-01
7.235047582313395287e-01
3.315990541883601095e-01
5.043704299525679779e-01
1.292819776084856986e+00
8.550178016552188731e-03
9.530896768452593038e-02
-3.955217949993048432e-01
-1.036144962487265397e+00
-4.770698431441942056e-01
8.823423579872864408e-01
-1.116688875098833522e+00
1.143569172543007939e+00
8.909283693660882131e-01
3.995603413124776959e-01
1.065337103411961861e+00
-1.097744940116799350e+00
1.486934729108278508e-01
1.236431069284317896e+00
-7.831867292191753149e-01
-8.095325632862409027e-01
1.328876281028170236e+00
3.943795796607483251e-01
-8.104842304002333186e-01
-5.114987724307724637e-01
1.822777258255927138e-02
2.590607608317623267e-01
4.782393843724260796e-01
-8.881814421583333896e-01
9.943219589729807018e-01
-1.090385499565428518e+00
-6.253345382428382448e-01
-1.489187375891752319e-01
1.437016354403265750e-01
-1.332382322494049864e+00
-2.017610298363165799e-01
-5.429530710700835039e-01
-9.722199537982340045e-01
2.200562360638996795e-02
-8.976183171982752285e-01
7.204509231667403091e-01
1.188388455989073528e-01
-8.356433270081083942e-01
-5.628779673809715112e-01
-1.162010310301972327e+00
-8.939997170101218193e-01
2.046382506648461996e-01
4.923467831789958282e-01
3.833583835123188233e-01
1.328876281028170236e+00
-9.910044331854560573e-01
-7.316385270578704310e-03
-3.949813145076587206e-01
9.898992037999633231e-01
-2.081562552840477698e-01
7.354300208974664521e-01
3.685458506427915504e-01
-4.295849476432887504e-01
8.843521021208202715e-01
4.916557774381234008e-02
1.179994607018141295e+00
-1.302878416250770943e+00
9.131748949869398224e-01
-1.242718183761374773e+00
1.038424902513931602e+00
6.932660469933071834e-01
-1.048460252777962065e+00
-2.948195285702333579e-01
1.091516006158802954e+00
6.695480617069160534e-01
8.123336019054678836e-01
4.912102415513973641e-01
-3.089002836567247279e-01
3.503502652022636443e-01
-4.092244659350526836e-01
2.276588070969650934e-01
-4.183073391824715936e-01
6.675745276445771426e-02
-1.126759556666245166e+00
2.650800914865962810e-01
-1.950272788383820566e-01
4.878022180850760670e-02
-7.687043835176009532e-01
1.229537798910746549e+00
6.311789047054976454e-01
-1.332382322494049864e+00
1.207247750643488438e+00
-7.500514292573811082e-01
-4.855529367882541192e-01
6.535940744327005669e-01
5.124672180165263935e-01
-1.015360253128628099e+00
9.804114182365726293e-01
1.690326667813297212e-01
-6.072281156424977899e-01
-1.127581127787520510e+00
4.698040712414291442e-01
-3.496061215095223051e-01
1.328225460414348635e+00
-4.414443189499599463e-01
-4.877716880754998097e-01
-4.594973070589742359e-01
5.807356751747506651e-01
-1.775398931291657656e-01
-6.992454134878619554e-01
-1.045171720831136852e+00
-6.540830321539040648e-01
4.732027730720202996e-01
1.106521097825594380e+00
-2.053610530747022045e-01
-3.811115615868136963e-01
-6.184779469651776607e-01
9.834855923375553921e-01
7.803293409158037486e-01
-1.332382322494049864e+00
4.776022767196171082e-02
-4.738691842984740082e-02
4.829765266156220149e-01
-2.238985707197128916e-01
-7.926010866215822404e-01
2.731282287753701854e-01
-8.372657728379235831e-01
-3.681731882784343712e-01
1.187698287065046321e+00
1.121535252570933450e+00
-6.240635751095422457e-01
1.217286341997605215e+00
1.235525937925405104e+00
3.376604112050249906e-01
-7.350469050848084107e-01
2.145000417583359797e-01
5.844138481134782959e-01
-9.622008416976056688e-01
1.126627123092158733e+00
-5.185572199812302774e-01
-2.303651069666061979e-01
-5.811470792334028079e-01
-1.324584516197451878e+00
1.105257577610415431e+00
-9.609336394976509821e-01
-2.492168878262648601e-01
8.569254568673662087e-01
5.724774739258557954e-01
9.016471215235767334e-01
-5.751817693148137955e-01
-1.843926463571965435e-01
-4.174137067352485242e-01
-1.033956947157177231e+00
-8.303399681000506183e-01
-1.331361917803165706e+00
-1.173013562357826528e-01
5.814481760785044501e-02
7.825474968368563433e-02
-1.323849568253792741e+00
-8.618529647650458037e-01
-9.627400734773776669e-01
-1.080955960943763117e+00
1.102930634544428745e+00
2.276589147828109450e-01
-3.561212188831899272e-01
-1.036138522060387146e+00
7.912169014181222870e-01
1.054933344138170082e+00
-7.823972636619911381e-01
3.616998601276634751e-01
1.153806072899053597e-01
1.122500015314308562e-02
1.038852508957557763e+00
1.452032398240098859e-02
-8.397684947891326246e-01
7.454564092891816651e-01
8.981374808717117186e-02
1.549226058248589499e-01
-5.194834973945716694e-01
1.159414864507676279e+00
5.868681441369959506e-01
5.724635366131481939e-01
-9.366797788129215263e-01
-5.452392081381395306e-01
-1.211113591584666915e+00
1.360339458666218193e-01
1.085686323217752713e+00
-3.290912382074644427e-01
-1.111793687209293273e-02
-1.080324942683571710e+00
1.039017084633120147e+00
2.230556873982056376e-01
-9.359242503383149447e-01
-8.894312382171547585e-03
-1.221160921353462436e+00
9.543631524615251438e-01
1.258566775907861812e+00
9.946600396334194516e-02
