-8.506879994993468697e-02
-9.405969688963510267e-01
7.452720612951075907e-01
-9.631567634658277921e-01
-1.176031352251560413e+00
-1.193931671134305539e+00
1.328870115823403752e+00
1.157953921722953083e+00
-4.788696771571211430e-01
-7.469577994689429179e-01
1.022054976784483094e+00
6.397239340426289500e-01
-7.673397033476202500e-01
-9.811201017679281877e-01
-5.540224214941299463e-01
1.155614127831816051e-01
6.911970605439284876e-01
-4.777924529040109558e-01
8.286255649247310506e-01
-8.309988266709282811e-01
9.074308332961607271e-02
-5.228159348758960601e-01
1.166443718872302471e+00
-4.334699825749968038e-01
1.320953122860403450e+00
1.387180199170735262e-01
6.394099801839179253e-01
-9.126495389482812692e-01
-1.602044934118883601e-01
1.245265242754636459e+00
-7.963308136363708156e-01
-4.268383311520795309e-01
7.232717137599371515e-01
-5.623556003539272874e-01
9.185929108200759918e-01
1.328876281028170236e+00
-4.780246387145519193e-01
-1.190569022798135368e+00
-1.268710504169229258e+00
1.230781930354972964e+00
1.036431537324186358e+00
-1.159464553768803086e+00
5.219157812683221653e-01
-1.138816970119107957e-01
-3.795995215040685045e-01
-3.578648290890060202e-01
-1.271016004423926482e+00
7.096748745281891146e-01
-7.485327942215391772e-01
6.371752103287712243e-01
3.590424858587316637e-01
-1.773210653717968155e-01
-1.332382321627593180e+00
4.703174549661708337e-01
-6.520998064110092862e-01
-8.672229264926222259e-01
9.986361896713842334e-01
2.727172954937213123e-01
-1.075150062367621340e+00
-3.154745603517006836e-01
3.290796343054593343e-01
1.328876281028170236e+00
-9.279836626613097161e-01
-1.402807677199600367e-01
9.885710278514875382e-01
-2.208591494258076715e-01
-3.799025463636420685e-01
1.184982676773348675e+00
-1.316206616587551004e+00
-1.090936683777880223e+00
4.042746001465834238e-02
-7.347823331349840892e-01
-1.332382322494049864e+00
8.351062061433611738e-01
-2.272542561429766739e-01
-4.992407207632662547e-01
7.132231746163144592e-01
7.130239018821504793e-01
-8.904900530527883884e-01
-1.332382322494049864e+00
-1.071940111321983968e+00
4.114226245815244543e-01
1.048665362756193264e+00
1.002461537512748579e+00
-3.311951718557801239e-01
1.928622145287596790e-01
-1.099319517743893249e+00
-1.099402353300334090e+00
-1.331555164110671985e+00
1.624467316412389062e-01
6.686440075155689611e-01
-7.935359988757977323e-01
-8.291747122185928465e-01
-3.408236395908652572e-01
6.871198696991934751e-01
-6.772984104167543151e-01
7.051662116903932853e-01
1.126508846942002595e+00
-7.683327033772501258e-01
1.835287763040810982e-01
8.734365495826273973e-01
-1.433576863983698768e-01
2.751607141927291389e-01
1.435974140099799679e-01
-1.958887146891011566e-01
-1.051028603116162641e+00
-4.531948573096443167e-01
-1.022948578261252184e+00
-5.994193245485711641e-01
3.323534378462598138e-01
7.783012668122160083e-01
-3.784865445719683419e-01
7.951797781165510504e-01
6.207076680008339897e-01
9.867835048613818882e-01
-1.599589867323592818e-01
-1.276423103251514979e+00
1.751818119157985687e-01
8.360168114680582852e-01
-6.827380596465952856e-01
7.717069336145626623e-01
-1.098297367363024524e+00
3.244800439436157924e-01
-2.859597715614204793e-03
-8.078148982908687215e-01
2.303580702840391237e-01
4.271063693554369989e-01
8.112604867510507800e-01
6.138432369156558988e-01
-5.576254666093944934e-01
7.106833321632388678e-01
-4.816846947888723252e-01
5.093652798619666688e-01
-1.397165019221232041e-01
2.145922234784268245e-01
1.317858351402164396e-01
-1.108884085458471391e+00
-9.478070736025360210e-01
-1.332382322494049864e+00
-1.738786189608326760e-02
5.307153655101202183e-01
-4.760407900640773460e-01
3.374747485342203812e-01
-1.273434641853614213e+00
2.828728397622327084e-01
-1.213023202839270898e+00
1.108851987402066364e+00
5.586811801564617319e-01
-1.000220929367231948e+00
-1.032283943612979149e+00
-1.148311999089337343e+00
-8.245545064602817220e-01
6.535443840957881889e-01
5.667030193778325314e-02
3.314858861418538277e-02
-3.995146890127435069e-01
1.214784361176937333e+00
-1.154197401482569996e+00
-3.885498075864613488e-01
-7.945795366490179257e-01
-9.308919881027888366e-01
6.395341287361192562e-01
9.232045139609939000e-01
-3.617362334696989090e-01
1.218763702546827199e+00
1.260546958298661702e-01
7.140380933906876892e-01
-1.060164403888635976e+00
-6.734850029807877281e-01
7.496436535235654341e-01
6.399907651712080092e-01
-8.669882064632139507e-01
-1.332382317949924788e+00
2.656840327021059989e-01
4.788530697939667458e-01
-1.000226438589145284e+00
1.232124492289903700e-01
7.081943080059061035e-01
1.290604553182596481e+00
-2.596865096022797914e-01
2.854155265181095302e-01
1.328876281028170236e+00
1.007927772365581509e+00
6.625370779167945035e-01
1.038004956178615101e+00
-7.553005047667511462e-01
-8.721793039743236386e-01
-5.944296161564643910e-01
-6.942282705686277089e-02
1.072969921130421778e+00
6.555497819115564395e-01
-4.372106513002352313e-01
1.228589282663051119e+00
6.033418809747045364e-01
3.314721578414037695e-01
4.217988373772947885e-01
1.096766059173460039e+00
7.195335626695874287e-02
1.145827759338992502e+00
-1.186900284913806836e+00
-7.349071977082898277e-01
-7.607299606553936666e-01
4.551235844445056800e-01
-6.383319057454157619e-01
-6.927338619207849824e-02
-1.231525647070103924e+00
-2.682318533063013932e-01
-1.292274212865294647e+00
2.985750591953431066e-01
1.328876281028170236e+00
-9.908860871586291363e-01
-4.712639825285470652e-01
-1.078649030342431203e+00
3.239618285007534459e-01
-9.836942746838830409e-01
-4.230495774365133355e-01
6.588589173529989518e-01
9.248675608708506468e-01
1.107539308699882596e+00
4.281519326772809664e-01
-5.833194653921736084e-02
-9.499481897194569369e-01
6.179265867695039605e-01
9.458540910438474336e-01
1.052183230566934996e-01
-8.641650901859333489e-01
5.675635920893935538e-01
6.219531475852341229e-02
6.994747742902684973e-01
3.084040738087551747e-01
8.919960715123511630e-01
2.217706116182074083e-01
-1.159180476381065583e+00
6.149917047794497549e-01
8.390848445177677695e-01
-2.028041519738876253e-01
-1.257668704990236863e-01
-8.189445339623663278e-02
3.810583132825434705e-01
3.703407637239749389e-02
-6.268370465029012850e-01
1.328876281028170236e+00
-1.332382322494049642e+00
9.467437136059211888e-02
5.805409546821983513e-01
-1.101555429676446929e+00
-4.362283172728934066e-01
6.016589732541556268e-01
4.599080120622756063e-01
-6.771536670200971608e-01
1.007504667706726087e+00
-6.716229272799213446e-01
1.049498866089640103e-01
-1.080860251385687976e+00
-7.445165854902965341e-01
8.795064658252905732e-01
5.888293453081784312e-01
-2.254712273077687235e-02
8.106237185387743516e-01
2.403898592515385513e-01
3.356776130289133020e-01
-8.350504252026011986e-01
-3.063559050139434969e-01
-1.943447587332951254e-01
1.781745333720083369e-01
9.946600396334193128e-02
