-6.268694002770599516e-01
5.749677735410867463e-01
-7.521156043367761557e-01
-1.553679735355509572e-01
-1.146303905870912798e+00
4.817540306667654204e-01
1.148157673014062796e+00
-4.265232263178331262e-01
-1.702942512866930519e-02
-5.942401536211405766e-01
8.690382512699064144e-01
6.051556249759288963e-01
9.343147971164035559e-02
6.178868412423094147e-01
-2.949544881770421179e-01
4.459408946928435369e-01
-1.182135934012683354e+00
-1.132808102871191158e-01
8.718692092539011007e-01
-3.402714632517467308e-01
5.025997555250988347e-03
-5.707821954053003966e-01
5.056224460529746834e-01
-1.016733683267529109e+00
-6.007716573274559657e-01
5.001797850945355339e-01
2.456888675587898530e-01
-2.081523590692761494e-01
-3.756946898857149719e-01
1.171500914203092325e+00
-7.289514051946434092e-01
4.675267402038138509e-01
-7.961002236809775479e-01
-9.915034446585113681e-02
-1.011262598617034714e+00
1.024156013973849033e+00
-4.349765462563964791e-02
-3.620942522044349188e-01
-1.692066254716567131e-01
-1.197585837244055096e+00
2.056119492206837374e-01
-9.326411468707990204e-01
-3.022797292050214968e-01
8.512907430136118503e-02
-7.106487974921679163e-01
-1.096656738587812457e-01
6.071684164205000123e-01
-1.190535523815258845e+00
1.179425599209680930e+00
7.278169463850803211e-01
4.792210504690642969e-02
4.327795809536648108e-01
-1.057585770192105645e+00
-1.212045399248115274e+00
-1.256570404079830894e+00
-4.190440066194560109e-01
8.278328764760986003e-01
-4.483555258350680472e-01
-8.603715028822693789e-01
6.362619352716405441e-01
-5.784170389075745655e-01
-7.310539755139343621e-01
-8.906522763990759595e-01
-4.126413171693333881e-01
3.093521139156737432e-01
4.743740953504326230e-01
-2.560384822242244285e-01
9.299911917347362111e-01
1.307057271083301719e+00
3.768379538062215928e-01
-1.152228106972693178e+00
1.206998954522906731e+00
-1.099520961072777192e+00
-6.187664574331872558e-01
-8.453275014028256429e-01
5.548532119296363252e-01
-1.107558963993012791e+00
1.011096379940785717e+00
1.244554172000634118e+00
-3.758962245074241038e-01
4.909452537997230359e-01
-1.332127999990459388e+00
1.163061250558540261e-01
-1.140985981603515498e+00
1.101719936184933690e+00
-7.816058084004382511e-01
1.328876281028170236e+00
-8.628387308444078752e-01
-8.517378263559381990e-01
1.534598050902507005e-01
-4.161581712698023128e-01
1.267023249853109990e+00
8.167024531538957799e-01
-3.388457977981360059e-02
-8.066066957513522429e-01
1.025907566973518037e+00
1.243241093048097490e+00
-1.051877647996431131e+00
5.081795681279411836e-01
-7.483450242529455787e-01
-1.095538129655412973e+00
-3.903299820188341207e-01
7.689447041603971744e-01
1.328876281028170236e+00
-7.713463519120897782e-01
1.866504598800860226e-01
4.858210052542759061e-01
-3.002737042937545509e-01
-8.764742051000067313e-01
-2.520715460028492561e-01
3.548113369593272060e-01
5.818645403686666384e-01
-9.446416444923058098e-01
1.168564673313028379e+00
-1.107102128886993775e+00
-7.377235128116962359e-01
-1.219515702431304138e+00
-1.246483197760609674e+00
-4.560619434828080410e-01
5.230075561239706516e-01
1.002069872474439016e+00
8.510597625889700923e-01
9.531212745913723028e-01
-6.208187864020293656e-01
-4.681206378644313659e-01
1.308725733188434104e+00
1.349519648958201826e-02
-6.103416302969071339e-01
3.612234983000754962e-01
-7.364253592099397894e-01
-9.093463194991562304e-01
7.999235117287364361e-01
-5.047268915300802128e-01
4.333248866100467694e-02
1.136060243336865838e+00
-1.063215248953925274e+00
1.280213141177992453e+00
2.973791961720608223e-01
-7.341969085839765707e-01
4.748104377083803285e-01
-8.011770960616476644e-01
1.010298776108762286e+00
-5.133832254525239058e-01
7.297615783696655978e-01
-8.805973567073738240e-01
1.940970090730620157e-01
4.059528921367070442e-01
-7.631876401025122769e-01
-9.394697061981541752e-01
6.417025230099809852e-01
-5.846648831488153730e-01
1.015388245995183736e+00
-2.460765555973356278e-01
-5.805053057076561274e-01
5.984841187895429959e-01
-5.785513461428474224e-01
-4.899454181408131048e-01
-1.289943118104385000e+00
1.206171564665532436e+00
-3.296340970703490192e-01
-2.145757551874513669e-01
2.692073386530655643e-01
-5.457155255464470889e-01
3.398884472407963653e-01
1.158469629845779059e+00
9.801772676322150213e-01
4.447725550994149901e-01
-8.615338948958354282e-01
5.749701978730776819e-01
-8.164699030326429963e-01
-1.165751167448328074e+00
-6.131364699314371114e-01
6.294500135903858817e-01
4.498827885542677762e-03
8.763859006619938441e-01
1.162602180497280591e+00
-9.820304121997259772e-01
-7.203691614500576934e-01
-8.516165145374323675e-01
-5.528420995038929586e-01
-1.624247509589739347e-01
9.190419596896957088e-01
-2.460566524345987049e-01
8.931600257248304420e-01
-7.733838549775692295e-01
-6.902371784443186997e-02
1.328834314032408592e+00
9.568435939851780425e-01
6.875649207827619902e-01
-5.761244648798947710e-01
-3.223853053453228923e-01
-1.332382322494049864e+00
1.328876280161512380e+00
2.241122054386401885e-02
3.298859490932531946e-01
-9.347398978317825735e-01
-8.426716498474290384e-02
3.806458581150855003e-01
9.155745124730312323e-01
-7.578118233079911281e-01
6.483543075103960218e-01
4.084560729393640899e-01
-1.582708107429324496e-01
-1.137805521515509177e+00
-1.166061847180558164e+00
8.265120644609011968e-01
-8.753283903118923570e-01
-1.151802761504905126e+00
1.191182724166847784e+00
-9.409560992554338865e-01
-8.501606141427608954e-01
-1.148466699347465259e+00
7.836545017740687014e-01
-3.807101468956618495e-01
2.579228889229545629e-02
9.628499774621278595e-01
9.355471405848405642e-01
-5.114400336396477398e-01
-1.037798677163667360e+00
1.092270118874243967e-01
-5.265710669304830560e-01
-1.844141798752299000e-01
7.182522786184056818e-01
4.842833763661038016e-01
-4.641621180451048767e-01
2.861191222699673298e-01
6.071190842181907188e-01
-4.864417148431208759e-01
1.127713632819396627e+00
-3.626586726271432415e-01
4.133803085845020875e-01
-8.645478255402033740e-01
-3.407011817062846060e-01
5.128102531178522216e-01
-9.529931796886387252e-01
5.825703822212411342e-01
3.339713066836624278e-01
-9.741323975940935354e-01
1.328166597990081854e+00
8.196023635172193511e-02
-8.861708399604402153e-01
-5.218548671939075012e-01
-7.383259785482709781e-01
-2.182015621681556716e-01
3.523460082397640303e-01
-5.916061955581505272e-01
9.149963425110775317e-01
-3.776341446916397504e-01
2.695821176335747582e-01
1.101183950932532740e+00
-2.589580476636592632e-01
9.247208978222433151e-01
-6.343451794406749222e-01
1.221972279051441568e+00
-8.616686106983375559e-01
-2.871241089167245741e-01
1.038870511675939801e+00
7.703261341148210928e-01
-4.675420845523760999e-02
-5.722621651310841884e-01
-1.299832467994151530e+00
-2.649910893152748192e-01
1.023161261904656616e+00
-1.088620629116204164e+00
-3.094530848765423767e-02
9.946600396334190353e-02
