-1.332382322442299039e+00
-4.035024991504557734e-01
-9.230615299476414570e-01
-1.033638269692308320e+00
5.195498550457914311e-01
9.889087641800103912e-01
2.019040056441523123e-01
-4.331069603002521973e-01
-6.327423698238471284e-02
9.721780411887249729e-01
-6.798760985706938653e-01
-1.028182668758804930e+00
-5.420528316745318875e-01
-1.145192889814286463e+00
1.328873360731315234e+00
-6.109365640300972178e-01
-1.332330584046027333e+00
-3.296324605276715891e-01
2.266420933025231066e-01
9.056588578452194893e-01
-4.450409608877718970e-01
7.597317013115916229e-01
1.019350156481525715e+00
1.328876280810798560e+00
5.950160446878295373e-01
-1.180902235283668222e+00
8.400475800402601445e-02
8.018736536063499898e-01
1.355599974047527745e-01
-1.136951172929864251e+00
-5.570141770035484940e-01
2.878069695376918036e-01
-1.243445032098228625e-01
-9.874050110016409088e-01
-6.787529577181139473e-01
-1.012360525505604070e+00
1.731217239604204150e-01
-2.552642688403487514e-01
-7.454356286329334447e-01
4.142278886082149669e-01
5.998830187533809033e-01
-6.933814516647157644e-02
4.492293396775006165e-01
5.524358344689412892e-01
-7.458797214015039367e-01
1.002326374711441037e+00
-1.188377340034467849e-01
5.116979621624785368e-01
-7.881801508281567337e-01
1.978359381042409382e-01
1.026726100040415757e+00
-7.824349803199237563e-01
3.575239584270079735e-02
-4.888303161814723241e-01
1.328872329106075112e+00
5.486879796958341604e-01
1.177630853209361783e+00
-1.103328658066065282e+00
8.003641418371409966e-01
-8.399028347396495509e-01
4.828083021904280292e-01
1.328876281009085947e+00
3.787832028188676814e-01
-1.075135964138504097e+00
1.419275868524898232e-01
-2.553215631948355102e-01
1.909414615372395374e-01
-1.101834399394065800e+00
8.724864490936805606e-01
1.124741871628400780e+00
-1.971592017104038252e-01
-1.296585062844130887e+00
5.889289383059826966e-01
6.177819353761658527e-02
1.936874042462440881e-01
1.141626164923130959e+00
-2.936920805307792759e-01
1.111579481057824309e-01
-1.048386486056555267e+00
-1.040050504782098484e+00
6.557147224552112297e-01
3.759951360474662607e-01
-1.332382322494049864e+00
3.904102231840282378e-01
4.561550644878288874e-01
1.601550101622131184e-01
-5.572925721886031747e-01
7.299976429076955320e-01
7.752566097190327632e-01
5.302589315844539672e-03
3.083613538134827303e-01
2.693151410855346845e-02
-1.297110646691598701e+00
2.927032380910264964e-01
1.374289961056879283e-01
1.177051637633844239e+00
7.386923612790399218e-01
-1.039086036244933009e+00
-3.178494394219129604e-01
5.730835034140758788e-01
-7.082263061421515404e-01
-5.133783726508882594e-01
7.047270611884973723e-01
-2.363833237210797578e-01
6.320265400196695138e-01
-9.031456755602559339e-01
-7.905393670498399583e-01
6.815317439496888785e-02
-6.115872105797858227e-01
1.328876281028170236e+00
-3.026794257252087006e-02
1.158230156373844799e-01
2.140080333891601072e-01
7.789474463497692014e-01
-5.319941220013444383e-01
-8.176720628144149017e-02
4.783433104914888712e-01
-1.261765796893573377e+00
-4.696609769242283267e-02
1.020176237034916777e+00
7.026744142798510007e-01
-1.692940094090528425e-01
-3.930673840777910155e-01
-8.729109130010769269e-01
8.092500585503107358e-01
1.328876281023406714e+00
-2.198618787513769157e-01
-1.024875769139945714e+00
3.509904967886994798e-01
1.143933080429535287e-01
1.239144227881047999e-01
2.983283658114355141e-01
9.492697314311766554e-01
-5.897371217461088166e-01
-4.653966575042602916e-01
1.159280715462375211e-01
2.026377564687773802e-01
-5.626127676130554534e-02
-4.499194747568776576e-01
4.546791850735181773e-01
-5.195871955769399975e-01
-1.183610139033965725e+00
8.085183449434854008e-01
1.357489002319609839e-01
-1.010739390891663425e-01
6.104617642528787913e-01
-8.797765501403069788e-01
-7.051667774263353783e-01
1.121412786104374559e+00
1.159319435559924782e+00
-5.242002251668518298e-01
-1.909115161134521399e-01
7.733434847483179331e-01
1.037343844249577263e+00
6.875386060003962907e-01
-7.710009868035013758e-01
-1.268543738042539282e+00
1.082426736688182567e+00
1.190191369297380453e+00
-2.377111948150994192e-01
-1.967051471369764548e-01
-8.872039599492567152e-01
-8.569433075724899873e-02
2.177780382125792391e-01
-7.651412669961209501e-01
1.550711570485916180e-01
5.866806582876538112e-01
-1.244355866858564141e+00
5.888609548956454942e-01
6.554856661198664725e-01
-6.707502536541685989e-02
-1.181859718968221840e+00
1.617644989351604279e-01
3.439530478750658649e-01
-2.003012376588984567e-01
-6.770342639657920270e-01
1.401228428744621946e-01
-7.061538477409269321e-01
3.120206619950028903e-01
-6.489502957403052719e-01
1.119821539232336516e+00
1.006739907329137873e+00
3.872577043456634782e-01
5.307342208311127685e-01
-8.281816967892164927e-01
1.126714992585352570e+00
1.248110720091266224e+00
-1.332382322488562698e+00
3.506567930853741188e-01
-9.053557296097793916e-01
-6.336388205494718484e-01
-1.036978074146928330e+00
-2.664570896419463097e-01
-6.558119232531447462e-01
-1.139442154664200846e+00
3.637368865452449973e-01
8.201412511666305027e-01
-7.109410956706138096e-01
-3.363863980736038761e-01
-6.189388647294666868e-01
-1.332381762148233895e+00
-8.213834173278278250e-01
1.025977951672407018e+00
4.133451915441020523e-03
-1.044922932290069495e+00
-7.232802444745807247e-01
-6.344701245924431188e-01
-3.237401823421486302e-01
2.249951522158694650e-01
-7.580526497874709446e-02
-4.810424967080957903e-01
5.407224437691915409e-02
1.328876281028170236e+00
9.556681679369491977e-01
9.089898147053314392e-02
3.962182622699781387e-01
-1.150028133205448944e+00
1.206515328001772636e+00
1.120939192626626335e+00
-2.175513486826574083e-01
-1.204800776566118115e-01
6.177960859446042230e-01
-1.942295654126241777e-01
1.039380598272380496e+00
-5.878091268827146942e-01
-5.672945261503896663e-01
-1.086627745797211997e+00
-6.184979155751536561e-01
1.394923068394238463e-01
3.740588417591350079e-01
5.419294945592988411e-01
7.431014005438576486e-01
7.511532081613738754e-01
8.484270771670359146e-01
1.328876281028170236e+00
1.397084069256774308e-01
-8.213165844665387683e-02
4.392188420209405808e-01
9.560237087463158145e-01
2.297560030146284515e-01
-8.868153093395726438e-01
-3.211874766847039320e-01
-5.395822331062952726e-01
1.037916323088345694e+00
5.736877256798691427e-01
-3.438393944359485754e-01
-1.127609342386218128e+00
-6.828054144878400455e-01
-7.691379339949393490e-01
1.141655109387654798e+00
2.480083035897926724e-01
1.082456329094393377e+00
7.071264216601051977e-01
-1.077581321700069816e+00
1.192438720783321804e+00
-2.907189888871655192e-01
7.397870163070163763e-01
5.738030147531012481e-01
-3.439279507432759786e-01
7.218148728167759209e-01
1.171600196019037199e+00
7.368416010940918026e-01
1.328876281028170236e+00
-4.003083413971060822e-01
-4.054987688837380366e-01
9.946600396334193128e-02
