-1.051535775008740403e+00
-1.242010477699015514e+00
8.854114453225002679e-01
2.134018204880768488e-01
2.447099869949841411e-01
-2.743039275954001210e-02
9.456987537613056882e-02
1.035438851598393217e+00
2.582074554738637007e-01
-4.369774999199553811e-01
-1.332382322494049864e+00
-1.308046301497953312e+00
6.364040537274741061e-01
3.009766993771131327e-01
5.240076792521483062e-01
-4.455108578068596170e-01
3.146160947489132220e-01
1.581986954173308091e-01
-8.322497980737468826e-01
1.328876281028170236e+00
9.573796843622031094e-01
-1.049160058142003304e+00
-2.565928644932248259e-01
-1.764835806168103538e-01
4.989818751784015904e-01
-2.217794865677263361e-01
-1.120959909620258044e+00
-4.391816077947978680e-01
3.623745284034276537e-01
-9.017726993781463030e-01
9.869573602349309693e-01
7.582316056574144314e-01
-3.791121367526427421e-02
-1.085619382584469328e+00
-3.346637649103776369e-01
-4.320843001827648910e-01
1.073287650080184008e+00
1.921585097759967720e-01
-1.247687215629924795e+00
6.383549077162740115e-01
5.937609289216633224e-01
6.382380840886980877e-01
7.205126347765382633e-01
3.350041560216722725e-01
-3.226072009509827199e-01
-6.320683059953520200e-01
3.088196177778855800e-01
2.092723284828642005e-01
-9.393793045098245420e-01
1.149251654063465411e+00
4.007226442689888479e-01
6.980722453995668042e-01
1.161471649027864927e+00
-3.938542766952629615e-02
-8.527516534263958059e-01
5.371617274057827185e-01
1.042190402727583010e+00
2.614850935647131669e-01
6.637211681769301652e-01
-1.205184205263851727e+00
8.042584267377372864e-01
8.148057239783311756e-01
7.195307212709759481e-01
1.047142517735067391e-01
-1.086875548644646194e+00
1.154490235360600137e+00
6.654324007547463005e-01
2.976795463121215679e-01
-1.114740759682353755e+00
6.108889336165519435e-01
1.245106653709115108e+00
-4.144226239357775010e-01
-7.612214032543391795e-01
-4.008330979095088842e-01
8.446439590238330464e-01
1.046435682302324643e+00
-5.905486112646514130e-01
9.109757194486274301e-01
-3.038815688422639161e-01
1.302313395056569734e+00
-6.469715371366057122e-01
6.844847772333416680e-01
-1.060255308365585680e+00
5.233193433012854889e-01
1.285625444499168823e+00
1.056177266749714683e+00
-8.978933137170201917e-01
-9.828364604996889797e-01
3.564274229207549105e-01
4.566519996133751036e-01
-1.091004057179631781e+00
-4.027685530941362835e-01
4.043856921262785065e-01
-1.792971037859901751e-01
7.568695367900941662e-01
-8.991924877440895525e-01
3.674287264886547666e-01
-8.660398016424769585e-01
8.995834821668470260e-01
4.406834242311747918e-01
-7.902616507185626915e-01
-5.071699296125696532e-02
9.771445740295762183e-01
-3.686503125291900052e-01
-2.417211947686820628e-01
8.760924107907437364e-01
-1.555736824321273803e-01
-6.514234252901998090e-01
-6.641827005165907849e-01
9.368296124814755599e-01
7.436113253618410468e-01
1.045543568345658425e+00
-1.155492406934987004e+00
-8.395081779681891065e-01
6.926568696436056216e-01
-4.985736881231060402e-01
-1.763497101361984343e-01
7.141599184661208133e-01
4.527706040793472164e-01
-1.123380508413698520e+00
-1.287647966090223584e+00
7.407639273267642155e-01
-5.182175254479314264e-01
1.470023917584592221e-01
-3.227526414112377728e-02
3.258616014273055805e-01
-7.751449974430741907e-01
9.672165645626820130e-01
-1.134159501542573167e+00
-4.668215432216619998e-03
-2.101973569167859407e-02
8.075813565084219992e-01
-1.257942749479550093e+00
-6.873016268811957818e-01
-9.826721124273913865e-01
-8.890458241470482470e-01
5.104202462183480282e-01
1.752199943095488974e-02
1.162513975327324145e+00
2.543925576432481961e-01
9.974871053598790560e-01
-7.368489342003793352e-01
-2.310004278202397732e-01
-9.386981679258020739e-01
9.123671671088020574e-01
-2.264436698221662103e-01
-3.127679778064669791e-01
-8.649160247678380209e-01
5.998297809638244993e-02
-3.903478894739003668e-01
8.627022528212172636e-01
-6.079385673132374490e-02
5.629622679565020604e-01
1.025406345290249543e+00
-8.320092218741768075e-01
1.232231757712271558e-01
2.104345350198499331e-01
9.607814194263624152e-01
-1.028942543240564333e+00
-3.470009800621695062e-01
-2.122892544742863707e-01
4.322215179646127226e-01
9.530812723564462408e-01
-1.039018614041096633e+00
7.260009115401111490e-02
2.366203950570570091e-01
-7.251284258719250531e-01
3.059711943586330141e-01
2.665024249277710977e-01
1.386561581090543505e-01
-7.631029741579417047e-01
-5.131074779090580851e-01
-5.549796335130601221e-01
7.270605374769736340e-01
-3.623418737408090062e-01
-2.466618677206301180e-01
-6.607768675020354587e-01
-3.597821885390355412e-01
1.117966008003142608e+00
-6.498625476493060660e-01
6.197392344177992535e-02
-1.055047850421038769e+00
9.533583911609799788e-01
-1.372343712068438970e-01
5.339569058411454128e-01
5.492729426363606171e-01
-8.183966178262349622e-01
1.887090843530518924e-01
3.762200134556857867e-01
-7.207755025252109427e-01
-1.802280046951273418e-01
8.433819076096857881e-01
-1.206512572918324144e+00
6.142666143718880090e-01
-8.950440780649647765e-01
3.085866149029353189e-01
8.405728362784873342e-01
-8.645447569715356551e-01
6.110210653388894464e-01
-4.211439876369182378e-01
1.958845750140239539e-02
-3.677265889980086966e-01
1.120422799044035744e-01
-4.678829134001576129e-02
1.105296706273642515e+00
-8.511962541703304019e-01
7.973205185676384144e-01
-4.517950367720580673e-01
1.199196834097983277e+00
-7.696991188125996697e-01
4.009424917681485012e-01
-1.193334148862209565e+00
-1.251168025990102572e+00
6.130771031565976914e-01
-7.830178103871583417e-01
-5.486043730049342537e-01
7.049606112228266053e-01
-6.586126899305640991e-01
1.011678102439035776e+00
1.170115984110078333e+00
-2.722873028296587394e-01
4.023030290495298034e-01
3.180277557724903170e-01
1.353132566451772933e-01
6.232884813524744994e-01
9.824631437579922633e-01
2.802602115752627077e-01
8.191441669884961252e-01
-1.029136293202772334e+00
-1.332382322494049864e+00
-4.127739137445783357e-01
1.109789353767413056e+00
-9.062567299275954558e-02
1.273898075583884126e-01
-4.514003315392435267e-01
-5.443269590842709782e-01
7.328465184395964727e-01
1.328876281028170236e+00
1.076389011627579606e+00
1.116612404994633767e+00
3.946113410579825675e-01
-1.332382322494049864e+00
-6.331206400417472846e-01
-7.748817961306763147e-01
9.913245496686124980e-01
-8.610257104981167142e-01
-1.098789379673111855e+00
1.583437557592834444e-01
2.386003969488564302e-01
-1.150936706784646102e+00
-3.119922694049318546e-01
-6.775582517402530813e-01
-4.933887767528673529e-01
7.710920483951835269e-01
-7.429095018935948369e-01
-3.421779042449614172e-01
-8.177128023351210029e-01
9.937366691761839732e-01
-1.810317779289112305e-01
2.099286594211477452e-02
-8.746384776526475724e-01
1.175961785451224539e+00
1.770570730495777401e-01
-9.001446241774984092e-01
-6.328474821968055331e-01
9.946600396334195904e-02
