-7.451460564401237718e-01
6.366389089488136976e-01
1.328876281028170236e+00
1.546336392941425331e-01
7.073050381655945351e-01
-6.963133010240109000e-01
-8.715155099036239750e-02
-1.152969048482678782e-01
1.023978807217804432e+00
-3.825868575078917311e-01
6.853838032644221645e-01
-5.645479611759611771e-01
-4.423387768148545618e-01
8.873076247386820770e-01
-1.227275722062493912e+00
2.829427004870363471e-02
7.149836176831576573e-01
-9.512822020634051912e-01
3.788871354254902957e-01
1.258597560696337769e+00
3.058350321382047321e-01
1.107154515025167596e+00
-6.587305674597033756e-01
-1.015526715235918864e+00
5.940861118356423054e-01
-5.566847294257928347e-01
-3.265332492866883374e-02
3.514196690861861594e-01
1.328876280875406879e+00
-2.426631441239892606e-01
1.369678243597928224e-01
-8.884449169979407035e-01
-5.173791682528270375e-01
1.115697919976721630e+00
1.060774537985481381e+00
8.093696188177403883e-01
3.852686691540037622e-01
-7.098851101401404406e-01
4.434864537048324173e-01
-8.241447069382577817e-02
1.027530537974497893e+00
1.981412177288754961e-02
-1.332382322494049864e+00
2.596611440204702470e-01
6.976003259023921821e-01
8.512413520946334744e-01
9.742901115356923381e-01
-8.966041442839670639e-01
-6.468613421490153614e-01
1.980440823515111082e-01
-1.610256367464944494e-01
6.754026315999979158e-01
2.801354003680113225e-01
9.881220532585129890e-01
4.185552369910819359e-01
3.933499656469695016e-01
7.237439583170498514e-01
-2.994049433530550086e-01
-8.261966591515170766e-01
4.202621999335168224e-01
1.290009949132972511e-01
-2.256719519329483670e-01
-8.720600585831348450e-01
-6.946304452387835893e-01
9.742633335340081802e-01
1.328871085995512180e+00
3.649773363725309361e-01
-3.650655892061182572e-01
-2.873871111036602546e-02
-7.261719139468635342e-01
-2.011700234526367370e-02
-1.287561137063940153e+00
-2.086996774247835418e-01
2.230777350222986621e-01
-2.099584167391503331e-01
-1.499686426021896446e-01
9.732614734288498326e-01
1.005364976864765891e+00
-9.482771030317185268e-01
-3.439932280035941092e-01
-5.813646825348546265e-01
-4.839714649949893865e-01
6.303112656511197232e-01
1.834834702064496725e-01
1.184081815237187252e+00
1.049885062727063723e+00
8.892418656958961387e-01
3.266642613130636003e-02
-1.332382322042020562e+00
5.893992441657471826e-01
-2.133649157542732155e-01
8.627619914229639475e-01
1.549814680380678378e-01
-9.063992590895528778e-01
-6.851246922760066693e-02
-1.017867568138481449e+00
-1.129337899638781062e+00
1.236531312593856624e+00
8.787451392377511050e-01
1.056549485848343517e+00
1.328876281028170236e+00
4.714694725755490257e-02
-7.350222419218719327e-01
7.330392659648027331e-01
-5.228519391174101250e-01
2.284783978956697048e-01
-1.010161323325536653e+00
-3.634893674984787104e-01
-4.930195210001156458e-02
-3.351136299949923347e-01
9.711372421517591169e-01
-1.032803912014728542e+00
-4.374683602555895674e-03
6.641518223914490981e-01
-4.494965242164206121e-01
1.822446386598622903e-01
-7.540975044267578253e-01
-1.789791065272195170e-01
-1.647792968538131231e-01
-6.543444816366908445e-02
-1.332381282619497176e+00
-1.090180712000856422e+00
1.328876281028170236e+00
7.252547481811576491e-01
5.833501251566487467e-01
-1.841609108670174411e-01
4.156535897559164860e-01
1.037965343781003025e+00
-1.644835370923401485e-01
3.220899811371976673e-01
-6.328429369986913189e-01
-9.046398738351357771e-01
-4.220941268373450406e-01
1.132000471085668147e+00
-2.864659057374989715e-01
1.141116556785477298e+00
-1.295160838384365798e+00
1.328876280717111502e+00
-8.114229262942493914e-01
9.940255064905351157e-01
-1.842692203852074329e-01
4.139693515198629159e-01
-1.014273969500842254e+00
5.229843250740356941e-01
2.855002639275077553e-02
-9.402503336803793577e-01
-1.140024174615397623e+00
2.489561454941451313e-01
1.165086887521403991e+00
1.202833547296458194e+00
1.209295896271318949e+00
-7.750673681225713450e-03
1.023746183639671070e+00
-6.576461096936064843e-02
-1.154138643226457761e+00
-6.608636798908241738e-01
-7.741064151395909976e-01
6.615477618070551014e-01
-5.628325348049236787e-01
-9.230278044709498975e-01
6.866925427043806263e-01
-1.053676314474527143e+00
1.101483616603470939e+00
-1.116908555891870103e+00
-5.275492770296903444e-01
5.115497075199879617e-01
-2.127501295378423640e-01
-6.785832544874981220e-01
3.633254801530329536e-01
-9.574528526459729072e-01
-9.499594330566143441e-01
9.712139734443071548e-01
-9.048319434741269873e-01
6.894289144708127814e-01
1.088474095983223311e+00
-3.953317094796721665e-01
-3.809302620221788338e-01
4.405602944887849759e-01
4.196437850778492740e-01
-1.522541978812624874e-01
7.028377386775515046e-01
4.836419504611305653e-01
-1.985166901918428706e-01
7.944812120577694758e-02
-4.919880115618668337e-01
-3.436814480639423519e-01
-1.264434294005850334e-01
-5.401664946596420602e-01
5.807459513420005770e-01
-3.206256812956731483e-01
-2.421108891667682061e-01
1.128760586145614475e+00
5.968420578728750314e-01
8.665007635842398859e-01
8.825795500113170489e-03
1.223980179125563783e+00
2.315740785044753669e-01
-9.512379490565590068e-01
5.956175742299737452e-01
2.212034609376191396e-01
-1.129097408694599736e+00
9.625253545153613643e-01
-1.033991624276020316e+00
-1.250411693884083131e-01
6.178101134864176780e-01
6.881034483462014073e-01
-1.332382322494049642e+00
-5.166803213852673160e-01
-1.220298241706762044e+00
7.656905845639164765e-01
8.002449392120608573e-01
-1.084777952996043016e-01
-2.760880613846406484e-01
-8.035684650059897738e-01
-5.010571754181913917e-01
-9.770294208330946306e-01
-3.255124653711353733e-01
-2.158568610111382124e-01
-1.332382322494049864e+00
-9.471818530495014210e-01
1.278799133643080177e+00
1.027650774849367732e+00
1.824251861535878538e-01
5.924107432270614426e-01
-9.346610727798301266e-01
5.553960643012981757e-01
8.490801055179437729e-01
1.328876281028170236e+00
2.787223076265332028e-02
9.953396112676121676e-01
4.570063670709021975e-01
3.574154317320891727e-01
4.687889028633601129e-01
9.351600166513630574e-01
3.861161420128745303e-01
-3.960250478531684437e-01
1.155776946086859436e+00
-1.202862376949601853e+00
7.642067806943888542e-01
-6.949215197714107006e-01
-7.554074157633003939e-01
-1.083838723190680309e+00
3.361458785111275938e-01
1.090784085439959528e+00
-1.332382322494049642e+00
-2.552489955167459024e-01
9.321412573758830478e-01
-1.332382322494049864e+00
1.328876281028170236e+00
-1.332382322092476423e+00
4.072131884390326473e-01
1.788749520529318848e-01
-8.482694332725926323e-01
-1.097952337869077671e-01
-5.784316059840566293e-01
-4.830552199440288907e-01
-7.473389493527432537e-01
3.223494887145833543e-01
7.283955354531791437e-01
-3.869128942259054960e-02
-6.994598518054300218e-01
-2.445572767648905299e-01
7.925646459745729899e-01
-3.891554603780242871e-01
1.319199108394174536e+00
9.946600396334194516e-02
