4.627551452564466761e-01
1.123505978503187341e+00
9.779848061991363029e-01
4.434496642208380912e-01
2.252914233460449056e-01
9.051793970982889848e-01
-8.068455592950135591e-01
-6.388040965930577575e-02
3.416253172863498166e-01
-2.095924533946464940e-01
-1.329012470534827461e-01
6.158477215410051997e-01
-1.053580100476680048e+00
-2.885446123595809542e-01
-1.084735668659048358e+00
-1.332382322479860104e+00
7.883320798966193532e-01
-8.100111712044618661e-01
3.868653925167552798e-01
-3.545682942070241817e-01
-8.993345521396617359e-01
1.285922834794536840e+00
5.997299927879098241e-02
-2.515396090833126874e-01
1.156900057786452107e+00
8.574020718762085380e-01
3.636769463560825533e-01
1.543376283128387039e-01
2.073462637265752473e-01
-7.929113544383324941e-01
9.810357973935425191e-01
1.316253401533450607e+00
-1.332382322494049864e+00
-1.074458508835601789e-01
-4.157766330252921083e-01
-4.054310888778295263e-01
-1.332382322494049864e+00
-4.929526668124644684e-01
1.324317734696160542e+00
2.345663580328188891e-01
-6.192415288931224504e-01
-1.332382322494049198e+00
-5.137457244125449574e-01
4.473746285311067661e-01
7.318897937122250674e-01
9.197761593324478291e-01
-8.301352903384373594e-01
2.286395760916872799e-01
2.737078017698700572e-03
1.297774621416056817e+00
-1.045975148819107581e+00
1.416341526734565988e-02
3.899632535011633427e-01
-9.984533858966031517e-01
2.247203861229488675e-01
-7.072559991777064292e-01
3.606397054365195198e-01
-3.352317293579143431e-01
1.064973976620340990e+00
1.272114789058993223e+00
7.937142786324911103e-01
6.548219738321306993e-01
1.506479725022923377e-01
-8.558732393067004507e-01
1.160318469166717881e+00
2.297399361824057074e-01
3.455907755717809726e-01
-3.278453841752668185e-01
-8.844016151109085344e-01
-1.127491145895483715e+00
-1.652783204085244984e-01
1.204593420304901130e+00
6.440582858094462404e-01
-1.099331123489396767e+00
-1.251282806629224753e+00
8.905275882008027999e-01
7.154379316376167086e-01
8.599898363762042974e-01
1.236420932127541283e-01
7.731490455425912289e-01
-3.090539632463338848e-01
2.640272918839483562e-01
-1.433625355387916911e-01
-3.345045970649084266e-01
7.558048679084019561e-01
-1.449433856788323038e-01
1.249975632151911098e+00
8.179608149463408751e-01
-1.429186437728164061e-01
3.679684314519616750e-01
-8.539605080670477077e-01
-3.808110846607727362e-01
6.823446238341792647e-01
9.626431912954459824e-02
-3.394763497053648882e-01
1.077472753450295251e+00
-8.087599335565699432e-01
5.298662557114505178e-01
-6.548173429682881963e-01
-9.144885117252576912e-01
8.388946485009806109e-01
-9.282844629331958863e-01
-2.778770893809356379e-01
2.359524017101174986e-01
-6.933380003144907766e-01
-4.356770821484715062e-01
1.100524996272125078e+00
7.262176365231213238e-01
-2.704310898438757049e-01
6.355611197866350981e-01
9.423631464123281010e-01
-7.891954462206628440e-01
-5.414938117391053796e-01
1.198770037028634716e+00
5.983631237655162582e-02
6.681214418644894071e-01
1.147222076259568402e+00
3.016949290676573803e-01
1.083599003373997061e+00
6.003764601489347541e-01
-3.982767544765054568e-01
-4.142996444061149974e-01
7.937701003736546967e-01
4.620001817918363285e-01
-3.428845685345773275e-01
-7.642988530409314807e-01
8.349612031001724111e-02
1.323697330273798434e+00
-1.184319524664896317e+00
-3.014393318983384362e-01
6.179433713257804772e-01
-1.212899616285103344e+00
8.232052518950944142e-01
1.045173063788450207e+00
-1.640950027731757910e-01
3.870944588371362238e-01
1.187693895824007084e+00
8.897396375305489657e-01
7.971506425548192665e-01
-4.853406773441887867e-01
7.117932368769684937e-01
-1.247664191629986874e+00
-7.060435777586325790e-01
1.098029262437323128e+00
-9.097548898802336748e-01
3.728959517467077545e-01
-9.154194300490426928e-01
-3.825582947863236383e-01
1.749817080400589420e-01
-3.343884628369339085e-01
1.030024589977753591e+00
-2.384323897860957664e-01
1.134822996691572383e+00
-3.066891539071775474e-03
-3.678914065741096806e-01
-7.998705687162529498e-01
-1.174579823833645342e+00
-3.458195059595938203e-01
1.082451909347398322e+00
-4.815050164524941056e-01
-1.278890291881151775e+00
1.252795635160323107e+00
-6.309101766997035066e-01
-6.616754505930042551e-01
-8.030346243174673049e-01
8.012317729715051629e-01
4.720020218765540454e-01
-1.331468128576913434e+00
-9.494709897477882077e-01
-1.593928997239990875e-01
-1.006236879112561322e+00
-1.047383338775704553e+00
-7.820113550850672501e-01
2.048835354019385435e-01
1.077680417748825281e+00
-1.084287162355005885e+00
-8.936503196201195376e-01
1.847307655339512356e-01
5.578380992757460133e-01
9.244563131134878597e-01
4.283895173522861421e-01
1.026888705719839923e+00
-9.697127061807815362e-01
-6.543062540908221036e-01
8.243208870351649287e-01
7.276148685182368681e-01
-1.045144614099399322e-01
-9.192136150516100335e-01
-1.227666921578693282e+00
4.498419807167377549e-01
8.759524180195906728e-01
1.171682695558414755e+00
-1.106107212332916534e+00
-1.016623042447275249e-01
4.609110044953136365e-01
4.294003637455796052e-01
1.245720328065419213e+00
-9.838489896183880701e-01
-7.217908196297395662e-01
-1.034723701000619167e+00
-1.255317866720899067e+00
9.771931244664932015e-01
3.723640612000387318e-01
1.152818873779041242e+00
-5.302154247500293627e-01
1.052775234396272186e+00
6.760203173366905460e-01
9.440914882637787553e-01
-1.327365551849789105e+00
-9.820802380239649354e-01
1.011551195186654040e+00
1.328876281028168904e+00
1.205809367262701270e+00
2.812764833811441934e-01
1.232148851351837937e+00
2.184349701120456566e-01
-1.102778323246331738e+00
9.806769842441239726e-01
8.482552871427997410e-01
9.722920550932199202e-01
-4.151899029932292207e-01
7.689257584904852783e-01
-1.783817562895817777e-01
9.213609274880308897e-01
1.205012634397102600e+00
8.398205727784266994e-01
6.030389712749423259e-01
-2.513114892111877330e-01
-1.328186883367549864e+00
7.772699003033255449e-01
-1.297255602414230324e+00
7.152090174604900374e-01
2.804787287127572526e-01
-5.856739412645881604e-01
-1.160190690751444098e+00
-4.357831163504143346e-01
-7.248973960345288514e-01
-8.507341953962257453e-01
-1.106061161633054235e+00
-6.354168088001346248e-01
-1.297008669744124765e+00
-2.907974090509481968e-01
5.994024118008955959e-01
1.328876281028170236e+00
5.124357126958768022e-02
-5.637904511754425751e-01
-1.034641334534363244e+00
8.341013905841180298e-01
1.103543126135162256e+00
-7.100495554197674419e-01
-9.647102467278236837e-01
-1.220318535294988571e+00
1.197199639512391167e+00
1.255012918426921642e+00
9.748653998633189932e-01
7.347029304776235836e-01
7.799151397338432989e-02
1.194628593413348483e+00
-1.186156841329334855e+00
-6.191618719777947089e-01
9.123063883079932657e-01
-5.532703159273337779e-01
-5.568166257893998328e-01
-1.408150221851655060e-01
4.128343887411151103e-03
9.946600396334193128e-02
