-1.146109490716239021e+00
1.001567669803087535e+00
-4.021024980393225201e-01
5.429222861830693692e-01
-2.545869718087491462e-02
-7.403283715086729222e-01
-1.198006127646358054e+00
-8.946204836271983707e-01
-3.583305471691233812e-01
6.939902503983104154e-01
-1.399118474323445271e-01
-2.078314494769105125e-01
8.092353365073727822e-01
1.006068785629458340e+00
-8.894055107407329297e-01
6.475248991320361469e-01
1.302321213573899295e+00
1.009074743853943135e+00
-1.441743114027473072e-01
5.157270427055102857e-01
-7.850501589499038479e-02
1.180199321479396435e+00
-1.543025793044457694e-01
-5.050644355547606601e-01
7.241106398963387258e-01
1.328876281028170236e+00
-9.359267581074093290e-01
-8.463267512408088056e-01
1.308158509743486686e+00
5.476655711912011837e-01
-1.006168023783476917e+00
1.328876281028170236e+00
7.116690826938358860e-01
-4.070015483734710782e-01
8.278993651696213707e-01
1.076874166327340010e+00
-1.040400234416478664e-01
-6.009114239897325183e-01
-2.072311069936985106e-01
8.502428844670273378e-01
9.073777415221026543e-02
1.818712282984918382e-01
-2.990753089747485438e-01
6.261523064985902165e-02
6.525749253166716057e-01
-1.182818121225932773e+00
-2.914380451948707096e-01
1.039488622393523798e+00
7.920687130906313156e-01
6.200132116039596131e-01
-3.042357838059959740e-01
1.368936712766824493e-01
-9.499648232403937187e-02
4.306875300170218135e-01
-1.332382322494049864e+00
-5.202175989777707565e-01
2.802040588994649806e-01
1.301681933492869758e-01
1.027617284098430561e+00
-2.131369610036711604e-01
8.558245300189033511e-01
-3.632687258377177431e-01
-4.372874532916631307e-01
-5.717950057209846282e-01
2.695059806060234320e-01
-2.298559594073938117e-01
-8.646227162122547411e-03
1.328876281028170236e+00
3.905760145002931116e-01
1.207334991984576611e+00
-2.380840489965904694e-01
1.080658633548513770e+00
2.590748459163317793e-02
8.545232488694605166e-01
9.354702658294975492e-01
-8.992204057850528010e-01
5.309672200804668174e-01
7.943769675764905669e-01
-5.163826609349463359e-01
-2.469152555904842727e-01
-1.041910359941932374e+00
1.135215003370459774e+00
8.230249508518980850e-01
4.503825661321559370e-01
1.012026863347262440e+00
-7.759150954594579153e-01
4.084880557945162471e-01
5.340324783760478367e-01
-6.455144464105407875e-01
-9.071011092026171063e-01
9.058486487461517855e-01
-2.309701830187519955e-01
1.114375540514769558e-01
-1.303728188559874379e+00
1.285667489351637105e+00
-6.652233485387821776e-01
-9.134183042369483640e-01
-1.111474509535549382e+00
9.036989309592641240e-01
1.003659618513156548e+00
1.006441067039906212e+00
8.613568060785118385e-01
1.110920443818526504e+00
-7.204062201853567160e-02
5.619022558633650632e-01
8.940156707450352958e-01
2.951042657738116581e-01
-1.063348414013840726e+00
1.328876281028170236e+00
-1.332351718132320562e+00
-1.229131666349788654e+00
-4.476868339282280007e-01
3.315961085543135400e-01
3.511778485058448807e-01
1.065578136267585574e+00
2.546623468488812825e-01
3.810908087488811824e-01
3.936952850859454928e-02
1.196778240612783595e+00
9.385891449847962864e-01
-1.107288200940954370e+00
-1.225829213874193524e+00
5.411385750618488144e-01
-7.495278534459257624e-01
-5.734238060064374976e-01
4.107905667654442317e-01
1.171682656945708612e+00
6.481954528331973497e-01
-3.570176750849080732e-02
-2.924018033441409536e-01
-8.989429483172841628e-01
-8.426655189728829431e-02
-6.496504822784040512e-01
1.027280910406692227e+00
-1.014787622969748337e+00
8.038725933409194280e-01
8.464579900651907352e-01
1.132451397814875804e+00
-1.199076660461271704e+00
-6.780461057826894233e-01
9.009350365747810230e-01
8.132903623785601166e-01
3.001865978541955887e-02
1.292082205703846132e+00
-2.963285988601159771e-01
9.281036338654751194e-01
-7.190465881502074996e-01
-8.166182983892008584e-01
-5.104890202459411164e-01
8.538898274146526912e-01
9.966046407383141181e-01
-9.455482328662500047e-01
-6.033958541525846764e-01
-4.012337524279813716e-01
2.568968770231740972e-01
-1.328939179618954247e+00
-4.746588020702734445e-01
6.419422002661258064e-01
5.363187958711661540e-01
7.985035325338483148e-01
2.230454240613386208e-01
8.533084710865610489e-01
-1.305968565753176769e+00
9.116784780543227273e-02
6.973597917391745060e-01
1.000936977381600701e-01
4.611404299400952422e-01
-1.112714886781745127e+00
-3.525104988319607280e-01
-1.264653041214109930e+00
1.149176032154053839e+00
1.285969082786504014e+00
8.923570837342121864e-01
-1.332382322494049864e+00
-4.685867889890946714e-01
1.296984231293741852e+00
-2.845507691419046359e-01
-8.753410987386482933e-01
1.328586422872516160e+00
-8.639210226500749767e-01
1.085823216263303248e+00
4.791486891299297224e-02
1.642973187300665258e-02
-7.936092057150353485e-01
7.742846057241005164e-01
-7.596201778070446609e-02
5.272430588113776739e-01
7.725199580181889569e-01
-8.148670773110618104e-02
1.117404557680182098e+00
9.449082218869240268e-01
-1.285426779934573660e-01
-8.424545169852970528e-01
3.763945548257552343e-01
4.297177862485592748e-01
9.444803025586879786e-01
6.286631384499240249e-02
-1.905921520501705213e-01
1.944412205237101010e-01
-1.113711237420604183e+00
-1.083007803158920757e+00
-7.910009912082276440e-01
1.083636692733010776e+00
1.054179630603063300e+00
-6.702889850999592392e-02
-6.104898797439637370e-01
-5.194524909933976309e-01
8.995008215539521679e-01
1.273577427253102412e+00
-5.887854423767218126e-01
-1.789261798615125187e-01
-8.986582609037476743e-01
1.171379565936422118e+00
-5.573335849683037635e-01
-1.997112002844238787e-01
-1.187024146615945686e+00
-1.822429487593747177e-01
-6.674583677067986720e-01
7.022275201580486792e-01
-2.936065651645883845e-01
9.609653030393905393e-01
1.882309170368371420e-01
-7.562031843944601039e-01
1.197700224531257351e+00
5.632120373819821113e-02
-7.961460998882649576e-02
1.300247562631543952e+00
1.136868314013547376e+00
7.103056896436807932e-01
5.066404186237469243e-02
-5.115756202223321614e-01
-6.598782148461804775e-01
-1.638159792868374987e-01
-1.065479690289722559e+00
6.362572894205800189e-01
-1.826674317066598330e-01
6.056034178970297610e-01
-4.813348716345379752e-01
1.120915487151144418e+00
-1.055206727562113707e-02
-1.256208359352989579e+00
5.354190862106769089e-01
5.620867810811748244e-01
5.874495303595583806e-01
-2.407500741602466299e-01
-2.157252328868853319e-01
-1.034701738948712535e+00
-8.391171628397778859e-01
-1.698142747019664722e-01
2.805305968344464218e-01
-5.046946545534272133e-01
1.011594159974467555e+00
6.896673705927640619e-01
-1.115769738225132479e-01
-1.332382322494049864e+00
1.194457647219712593e+00
-8.288091241644935936e-01
3.425539524479702669e-01
-4.499145963097757051e-01
9.312115756420134005e-01
-4.697540602897118389e-01
-3.002796756499541420e-02
-7.108830817397264745e-01
5.334514940789657489e-01
8.692310634190245633e-01
9.946600396334195904e-02
