8.067806739770491120e-01
8.065417100587218835e-01
-6.515970866851815702e-01
-4.543051636741118893e-01
4.201218028689483464e-01
9.672542843796081424e-01
1.066504565987779207e+00
1.201271140658305203e+00
-7.115445625766004811e-01
6.684131569283016105e-01
7.753980641619110381e-01
1.684314440964593262e-01
1.278045111595923711e+00
-7.136093134759019518e-01
9.465076178486133696e-01
7.446711659461310306e-01
4.078346552052498075e-01
-1.031388901424340476e-01
8.910665775144509526e-01
3.406991882323665011e-02
8.850942986714017968e-02
2.530350556385108640e-01
-6.802219657804323694e-01
-3.440501507053472241e-01
2.745008050308360703e-01
-1.081536327007010190e+00
-6.185258668070162114e-02
1.898256799810689177e-01
-3.827832511671520610e-01
-6.091127775853104609e-01
-3.477964685912723342e-01
-2.301911724554686900e-01
-3.178641927003337253e-01
-1.129090232045415698e+00
-4.359948096132899020e-01
7.649221172951927716e-01
1.119440820447108687e+00
-4.285249433123038409e-01
1.047978057960215148e+00
5.571565072933857277e-01
-1.001376803411814009e+00
1.248457108626539191e-01
-1.053674764268600184e+00
6.151036739574800016e-01
-2.385630880438361079e-01
1.266131814986323434e+00
-1.229971558238083906e+00
-4.765086288421102045e-01
-1.332382322494049864e+00
-2.765099700471381206e-01
3.566589336937958654e-02
-6.936688135986464054e-01
-5.504184126117911413e-01
-6.619510318514002511e-01
-3.934439921328429235e-01
1.303094046940426187e+00
9.283685564172829141e-02
-7.228503855130496980e-01
1.305125320791421517e+00
3.600597640321856474e-01
-1.322798225204585121e+00
-9.395459454166995572e-01
3.209948573532782068e-01
8.424242870671947436e-01
-1.072875910119587495e+00
-9.324130497930516182e-02
-6.617885144743809178e-01
2.473385110381054186e-01
-1.328542790036926768e-01
-8.635954724718397646e-01
6.088461669310373248e-01
-1.298986012776100762e-01
-3.489605921635424712e-01
-8.963175633692733735e-01
-9.933407414469376251e-01
-1.261700231078854539e+00
-6.390378099415242596e-01
-1.302059917589763749e-02
-7.654520554991208758e-01
1.145110738091271174e-01
3.690154793115965615e-02
6.097903669774978885e-01
-2.572451037127148621e-01
7.000077576433433313e-01
-1.070386104111060721e+00
-1.005791114734728264e+00
-5.066201407686996561e-01
1.871767582396595686e-01
-4.880686245266044332e-01
-2.628045940074016928e-01
-5.254822708522260966e-01
2.256796292881610988e-01
5.168877362491172134e-01
-1.332372073018583736e+00
5.623207558881601065e-01
1.689301433707234568e-01
1.058282005708819806e+00
-4.848377745141903006e-01
-4.277499428810070947e-01
1.328527957877845722e+00
-3.310257086692628969e-01
8.389620570721910697e-01
-3.231512069523027608e-01
1.063949844864889416e+00
-9.588149459038727285e-01
6.085971289437361875e-01
-7.736847947025297101e-01
6.692635959354722996e-03
-5.571432133176353885e-01
-4.495015454983629088e-01
-1.799409630168457563e-01
9.047556936613796452e-01
4.917935956580527478e-04
1.720710507673844369e-01
8.434753240606142066e-01
-2.417833938903252849e-02
-3.126910960701155262e-01
-1.134660887288263309e+00
-4.712505463069818767e-01
1.328250448504210590e+00
8.324880275972248445e-01
1.055269778703602057e+00
1.896172902482643474e-01
5.927881482921494305e-01
-1.243421522845778560e+00
9.121448131756076938e-01
9.009265002682916856e-01
3.396769858221317384e-01
3.692749330324208712e-01
6.179729043808041000e-01
4.137595085498494418e-01
1.186493505675505267e+00
3.076070629385134758e-01
1.328180273347171036e+00
-1.572984196770049747e-01
-2.694798287077762589e-01
-8.733877261364546563e-01
-2.889627482522967236e-02
1.104653212992650291e+00
-1.444438309847380641e-01
-3.287798427808751311e-01
-1.288139407327949737e+00
8.642664247626958840e-01
1.592728080207127528e-01
5.774220100916060971e-01
6.220406148571829830e-01
-1.332382322494049864e+00
1.431022017234214738e-01
7.820765522863839525e-01
-8.686890394140150268e-03
1.272064441776213917e+00
1.165680921730774422e+00
-1.285678028634261727e+00
-1.193343906040742031e+00
-1.773203375405312809e-01
5.133018515018484829e-01
-8.400532721663124258e-01
1.165186425079090426e+00
-4.419098800611948041e-01
-9.812667425338902349e-01
1.087622008204357504e+00
-9.535062712928783768e-02
1.118961532675836423e+00
8.247606774853971645e-01
6.390660386755877553e-01
-4.992601993088119361e-01
-2.222208004494940492e-01
9.768273257863530068e-01
6.872211949410732545e-01
-4.211265508598183160e-01
-7.239678237963242946e-01
1.178371918273543928e+00
-1.007392649461949174e+00
2.426513775228921199e-01
4.609988721453069371e-01
1.089295743365783276e+00
1.328876281028170236e+00
1.278692408885914400e+00
-1.031173916825496528e+00
-6.882839319129739897e-01
8.994066739132141608e-01
-4.931947444352840874e-03
3.311324651580420109e-01
2.513638239547818509e-01
1.328876281028170236e+00
-3.666169853187696837e-01
-9.187883095752595597e-02
-1.197805493921894504e+00
3.360987712661833160e-01
1.328876281028170236e+00
8.401466177733353247e-01
-8.551440029847596769e-01
3.825827983759762518e-01
-1.332382322494049864e+00
3.433151784582875177e-01
8.625981792016472749e-01
6.294289979019632719e-01
1.196551815898302840e+00
5.062983294262679568e-01
-1.261695857203661841e+00
7.974820901903192372e-01
-3.910671047979302206e-01
8.059749616109148640e-01
-1.151499122903740124e+00
1.327663320895509758e+00
-1.245531313065088241e+00
-1.770797265598393067e-01
-2.119632673815225188e-01
9.189836735840181681e-02
7.178665966113694230e-01
1.107337779622794782e+00
-2.392063546716981237e-01
-5.435917718385899766e-01
1.327763374800905449e+00
-2.377824718916623781e-01
-7.533139811323921187e-01
1.238857158402626224e+00
-1.332382322494049864e+00
7.473369645892695701e-01
-7.005596720453910464e-01
1.528371798163900841e-01
-2.159011925054339365e-01
1.846416356793755820e-01
-1.398255976341377660e-01
-1.040676330084790324e+00
-5.387433957607716817e-01
-5.898780267469211358e-01
1.191111963247303285e+00
-1.286169567617794218e+00
1.191913554738816439e+00
-9.893482446367052319e-01
8.051924317168220879e-01
-7.980685184908558050e-01
-4.066512796595448953e-01
-1.093353337154416849e+00
-3.204873044376798513e-02
-6.853156884302072926e-01
1.159611822496554812e+00
-7.782202610473025750e-01
5.177552951561098515e-01
8.123775148149787739e-01
-4.025946960449075518e-01
-1.332382322494048754e+00
8.194955718538564637e-01
6.652460890599340981e-01
1.120543838243330592e+00
2.628719366297810889e-01
7.483921237890138745e-01
-1.819506736915633971e-01
-6.216026684941086122e-01
-1.246456066626547177e+00
-6.817885179169067000e-02
5.387168507414447083e-01
-7.469568800924857310e-01
7.396706927587115565e-01
-1.332382322494049864e+00
-1.332382238889922021e+00
1.503485834168933610e-01
-3.503539526131287940e-01
-8.030543744200914213e-01
-6.739109502486141379e-01
5.504183185223022745e-01
1.225611043111727527e+00
-7.668005436440764599e-01
9.275404530560248384e-01
9.946600396334198679e-02
