5.097915894736938097e-02
5.096722614177950916e-02
-6.615241423711899493e-01
5.364690455226480692e-01
8.161578135066572814e-01
8.130813568069528152e-01
-2.715654768802695518e-01
-9.438550138112193899e-01
9.772968514490246728e-01
9.800786284444733543e-01
-1.213070963827478643e-01
-9.290316505762032939e-01
1.787425463124621139e-01
9.116743277696903736e-01
5.358580152993799306e-01
-8.260173673671111771e-01
8.603041475936863414e-01
-7.602565034581885151e-01
9.484236862714898741e-01
-7.053311739840416594e-01
-1.512988179834091618e-01
6.132229428529087922e-01
-3.292321504579225344e-01
-1.000000000000000000e+00
-7.301282423361188378e-01
7.828577306059890661e-01
6.938677747773729365e-01
-7.040735607524226669e-01
4.599025934986279984e-01
6.667787650563686275e-02
-7.300193582926961522e-01
3.819792915648375642e-01
-6.642003414401166372e-01
-3.984477247591371452e-01
9.784300991396088776e-01
7.573832465971519490e-01
7.332919148864558423e-01
-8.605061204778576833e-01
6.577383108688520386e-01
-3.762227798899331344e-01
5.559524357774018322e-01
-9.473660403719668111e-01
4.018113056876808642e-01
8.041914204619845519e-01
4.529896578506086291e-01
-3.386339644282030381e-01
-5.470020103436165071e-01
-3.460791444790838334e-01
-2.407269118685029241e-01
-4.763247348061927511e-02
3.355379030386407280e-01
-9.321194174575408997e-01
6.916905929287996413e-01
9.156618490235842733e-01
-6.169501987163839019e-01
-9.844927119764579349e-01
3.263146698372821342e-01
7.251094550141136130e-01
8.825892367747245615e-01
-6.042239894906787923e-01
-2.315798074851564692e-01
-6.138663237397974370e-01
7.001079036163666558e-01
4.886545290656372220e-01
4.759278816182574978e-01
-5.652597848397773461e-01
-4.506168264165151260e-01
-4.746243467417798900e-01
-1.344178922049210634e-01
8.563270957139603734e-01
5.295897309159076638e-01
-5.352619510567517835e-01
-5.193846561626815905e-01
-1.000000000000000000e+00
-2.978660007998211179e-01
-1.759994365589119258e-01
-6.662973632073632135e-01
-9.886079833060084088e-01
7.346470207878992298e-01
-5.527083054304744447e-01
-7.163708466198326352e-01
4.702517615104053750e-01
5.009619871207202646e-01
-3.843165846417944120e-01
-6.021191314024049168e-01
-2.923177583276463931e-01
8.988477665979522913e-01
6.333142244796601261e-01
5.380516684907332703e-01
-7.427985996925473566e-01
7.668812993081748353e-01
7.519323294535973368e-02
9.873747829848600333e-01
5.293612625392101201e-01
-3.622961961524575614e-01
6.972019897382646381e-01
-2.378594370997082486e-01
-5.206406819733071512e-01
3.807342234684452653e-01
-8.771502224730189923e-01
-9.496326053931114508e-01
-9.406786209535337173e-01
9.383817898359981813e-01
-1.613998617651237755e-01
-8.300983089217681687e-01
2.427391226111108580e-01
-5.625293465828433703e-01
5.519374597056198040e-02
-2.226627382457939675e-01
8.063943330454426128e-01
-7.084790087948764636e-01
9.160563105355616909e-01
-7.981734917632432591e-01
3.154512628697216936e-01
9.552622480563131013e-01
2.040551048761838487e-02
-6.561223543627227039e-01
3.736979961773811421e-01
-8.024263605994308435e-02
1.919497601513862894e-01
9.311419207231064199e-01
7.265954816123751936e-01
-9.323964821370929190e-01
-2.554188208327969889e-01
8.265187019405889624e-01
-7.621496555557456531e-01
-8.513441932440699578e-01
6.154270540282835711e-01
-5.129024947542870638e-01
2.166344038377379100e-01
-8.014586067422507787e-01
-9.717874185695329903e-01
-3.186112843346943779e-01
2.589509604059219705e-01
-3.030513215815335837e-01
9.054974726568738586e-01
-4.103431854542463064e-01
6.726863159745191112e-01
7.529575559877275115e-01
-3.404304528848370315e-01
4.387292338142205206e-01
-1.798555825614789327e-01
5.367313213445490394e-01
4.109265019449379608e-01
-2.761494939526634163e-01
7.475171685288672929e-01
-8.518363580292090953e-01
3.556302352219584684e-01
-9.277052951463728991e-01
8.051679940661990997e-01
3.987227211892006018e-01
-4.088894464056713751e-02
7.884159663209744373e-02
9.441104532598532106e-01
1.000000000000000000e+00
-2.214058161858114548e-01
3.594887473075971673e-01
8.717097426073281419e-01
6.192244930034788153e-01
-1.333596590261643677e-01
4.243214200705898165e-01
-2.276959837080314575e-01
-1.937477912656938583e-01
-5.253305057355808216e-01
-2.603597136546074164e-01
-2.407630402272744607e-01
5.726721050169251148e-01
-9.452262726145006511e-01
7.730331448507614667e-01
1.139659801476832213e-01
-4.035129015839866717e-02
6.275330764226338953e-01
2.545985985007541696e-01
-9.899278044010393351e-01
-1.023025225036375829e-01
-1.060930549530292311e-01
-6.501350089660105080e-01
-6.677811179355084281e-01
-2.947658657680649608e-01
2.240899920750427654e-02
-5.958547747104111503e-01
5.474486917574697409e-03
-3.097538668196655465e-01
-3.443213591412441765e-02
5.744726408303648668e-01
-5.980034132458065255e-01
-1.000000000000000000e+00
8.521306287567523841e-01
-9.651855422685231556e-01
6.259465766687268840e-01
-2.211207014138432125e-01
-9.686001975557863020e-01
1.362784915540207198e-01
-5.165051873633792479e-01
9.070142194371091371e-01
9.498632636474173552e-01
4.718305843304341218e-01
-5.908836451810439705e-01
7.047307244693796768e-01
-7.465015308359411739e-01
-9.373785306071367174e-01
7.589050067788385423e-01
-1.785056396399156142e-01
-7.586402030003491781e-01
2.151666714273355041e-01
-3.851872944312175751e-01
8.627667744905780367e-01
-8.043660447054138407e-01
-5.459441592580747127e-01
3.196769990683787643e-01
-2.635082648159052798e-01
-6.182609313341722590e-01
4.534064023559456480e-01
9.529345527593433562e-01
3.443888350783643748e-01
8.033822947743962661e-01
-4.181390150733461653e-01
5.521613149594137848e-01
-3.839181280027181842e-01
-1.726034088223420415e-01
8.303470868030646823e-01
3.113825592996006808e-01
9.547932177455745184e-02
5.875704484087318491e-02
-9.938383691102441464e-01
-3.925209989283062750e-01
-4.127993348708169918e-03
7.800453962981952483e-01
1.357967846005392332e-01
6.153280762431412310e-01
1.000000000000000000e+00
9.646445721057828049e-01
8.607192642679877270e-01
2.486138074057193670e-01
1.835194918578958168e-01
-9.763312905033867395e-01
-5.632523926195609487e-01
4.942737633890774696e-01
1.963787863078731710e-01
-6.709056618321145304e-01
-4.158019156664701788e-01
-8.792301369595812988e-01
-9.084428152928321065e-01
8.227053400771306979e-01
-7.050983900042808727e-01
-9.075557607709927588e-02
-9.373747256276425688e-01
3.761923820431928300e-01
8.879665107481264918e-01
5.842385154504682321e-01
-6.938451504877780618e-01
5.611704261716921049e-01
-8.011206042982839115e-01
6.723178821334941935e-01
2.417196732502624457e-01
-9.121707968985353077e-01
8.588403445644139378e-01
6.525786109509088551e-01
6.591168869896408822e-01
4.410097554580844625e-01
-3.012060807947951613e-01
3.737538859160763338e-01
8.513578142979552066e-01
9.451088808063310420e-01
-7.545525032224685846e-01
5.000000000000000278e-02
