-9.835473446715202739e-01
1.410261540134169489e-01
-8.609844707402452002e-01
-9.309511385079017876e-01
1.701084406982240615e-01
-1.384618133414148300e-01
8.984631194438149615e-01
9.803896151784711188e-01
6.309808017191245177e-01
5.964666975609507482e-02
-6.561543150440443117e-01
9.236818120233915019e-01
-7.929591539844617065e-01
-4.644061464799881245e-01
6.580829958866576401e-01
7.282171948500282266e-01
6.232182369512040410e-01
-9.104729285015868978e-01
-5.356211221322708660e-01
1.693232627906428311e-01
-5.035801597261693185e-01
8.933470169639404213e-02
1.494483299845765327e-02
-4.542224776622550975e-01
9.759759396693624689e-01
1.910768081226822956e-01
8.600829948938386593e-01
1.276010675254892202e-01
-5.709431706310292842e-01
-5.465562001363947209e-01
-8.012889148764912317e-01
9.984278889411790647e-01
1.684948994986414650e-01
-7.177371008191976154e-01
6.073154510656304517e-01
-5.776332207779567574e-01
-1.086659542512559001e-01
-8.130631204411269408e-01
2.308534701404190426e-01
2.469983512089666544e-01
-4.941581129055427207e-02
-3.950816435645349567e-01
1.186004338744083009e-01
-3.195618660154239676e-01
9.337870791376858826e-01
-5.006408825356440939e-01
5.553003558673964557e-01
-1.912721924326822309e-01
5.947390279456870044e-01
9.222794766331821048e-01
9.970956518496821852e-01
7.274497073994078411e-01
-5.609022167385824265e-01
6.675301914468761977e-02
5.070505619389865243e-02
9.197567473169651064e-01
-3.166817293306867787e-01
-9.533078065687426994e-01
3.921569297180765301e-01
-8.078089124447529468e-01
-1.477288191759813796e-01
8.950766007347639164e-01
-8.482272572407205669e-01
9.103965334400044851e-01
-7.663089468164494544e-01
-7.403588858999951006e-01
-5.114153019396414646e-01
-4.412802578097422268e-01
4.337225674694760724e-01
1.773661958855300980e-01
9.615229707999897180e-01
1.603575847057021608e-01
-5.984166931346782681e-01
4.527626204283765610e-01
-6.364560838475069593e-01
-8.268017734684742770e-01
-1.534919155916114331e-01
4.842885389079941150e-01
6.984701402775648216e-01
2.182913636616858888e-01
8.411170238838980850e-01
9.693958572402955332e-01
-1.707804919821275247e-01
-9.318054600137948285e-02
-7.423099732566035280e-01
-5.710006863178810343e-01
7.447760625109042243e-01
-3.077790179954855709e-01
9.588491648141178603e-01
-1.000000000000000000e+00
7.100755499538413673e-01
-1.485262742456414098e-01
-1.763335455069589552e-01
-2.742853885091692812e-01
-6.269286966243603487e-01
9.359623514081555351e-01
4.694345566835592121e-01
-5.800162808277742332e-01
8.481860314190466932e-01
-2.491125053980098591e-01
-8.238626987320901707e-01
7.037554141232828069e-03
3.403456765757236768e-01
1.526366862433529981e-01
-3.005628220076562718e-01
-9.246910411204065650e-01
1.838727320849563862e-01
5.210625045956601697e-01
-9.814206280381915226e-01
6.843787677365427147e-01
1.350809666157156141e-01
5.230964711465119210e-01
-6.317101809918967970e-01
-2.863218144970244849e-01
-3.447752464936534866e-01
1.157128512405217885e-01
5.492372755543231122e-01
-7.016607845118314479e-01
-7.237059966826759894e-01
2.119486352883933611e-01
5.339525290671232050e-01
-1.891744406524539235e-01
8.797066138975598859e-01
-2.694052936565176359e-02
-5.343215765532300932e-01
-2.560599904510325597e-01
1.822233337424998822e-01
-8.086032398464391147e-01
6.477188092173777889e-01
-2.071132238421082850e-01
9.679827297624892246e-01
-5.123419957672809000e-01
8.777250509057217265e-01
6.430440128577430414e-01
-4.205649994367236660e-02
-1.377741746342543358e-02
-2.663033035525639858e-01
-8.524085911466707799e-01
-5.952586758198878947e-01
4.771201284105299756e-01
9.211018527745317153e-01
2.330683007281716956e-01
-6.208663193818069193e-01
-3.417758688653824706e-01
-7.537135001261211498e-01
-6.696545569164882306e-01
9.391719741094409768e-01
1.000000000000000000e+00
8.973753713047973868e-01
-9.516461784479607333e-02
7.185103237080221472e-01
-9.194094529936802651e-01
-3.649880090575312042e-01
-8.428645773091676396e-01
-6.101976339920034409e-01
-1.537181531563772963e-01
-7.104052335293328801e-02
-5.327336579487872426e-01
4.160433837979394811e-01
-4.860553975600349630e-01
-2.166774151506363766e-01
-7.821981358657041916e-01
7.116452341122047054e-01
4.111732932989443090e-01
-4.550045379861004102e-01
8.380738748268179439e-01
8.163513774936452805e-01
-5.913201860702937962e-01
-7.452417476401180796e-01
-2.738714642670122545e-01
3.304283918954047106e-02
-4.528786255739046807e-01
-4.505578733085660037e-01
-1.706696771056482043e-01
-7.775903956785426008e-01
-4.538950402595020028e-01
1.827457109633157106e-01
9.004085572398956572e-01
6.855531000162814470e-01
-1.973711834083749783e-01
5.863265025298400879e-01
3.514544434705608733e-01
-3.787652219004068455e-01
2.718934132704020623e-01
-3.296359708258628785e-01
5.876174270774636721e-02
-1.446141952713545509e-01
-2.787269222369325172e-01
-1.236037547384786495e-01
-7.725043115811793815e-01
-2.530101403038833019e-01
-3.056272773573926252e-02
6.154537668739311629e-01
-9.048138646610747182e-01
5.860386824168488662e-01
-9.593375390096374744e-01
6.242200802722803754e-01
1.989174370010738657e-01
1.475220729375736339e-01
-5.777703065299447660e-01
-3.874487276100435640e-01
-7.045673938789619450e-01
-5.465017889212567814e-01
-1.625717072494503868e-01
-8.601006498224582630e-01
-6.089383174756831663e-01
5.342629988804543650e-01
-9.111161164680110502e-01
1.682769488905717092e-01
-1.277339437952940138e-01
-4.142816003924782442e-01
1.205053475236119026e-01
8.834870667196946803e-01
2.628011569366371369e-01
-9.941419045364928708e-01
-5.212739319535119042e-01
-5.024378612091831009e-01
5.432470202925819835e-01
-8.676039792499267156e-01
8.588132492868369994e-01
-2.533244510607056688e-01
6.519574718626635068e-01
-1.074992450882934630e-01
4.412214640610035571e-02
-3.995406572013427970e-01
-9.506203430916626562e-02
-1.898360941056280171e-01
-3.682211981468876405e-01
6.248397286471050194e-01
7.526995027098035695e-01
-6.604992912266461902e-01
7.851730674356940387e-01
-3.288752978040943020e-01
4.375130107854126038e-01
-2.081265037899820425e-01
-4.201464098455027357e-02
-1.321754792903391817e-01
7.614022439493109973e-01
9.182413449379989157e-01
2.935953703246000357e-01
6.263359233930545500e-01
-4.857132216116356593e-01
-9.592956532646385037e-01
-7.024564274625465232e-03
9.498772621734045962e-02
3.190126897258183658e-01
-5.926299783366455465e-01
1.629147678366119067e-01
-3.285383173174258320e-01
-6.334736073292417391e-01
3.761527342990245160e-01
-9.117961912669759750e-01
2.228215651887227589e-01
9.338915584311795470e-01
-9.795408676281243121e-01
5.309999024864530126e-01
6.039039686787915917e-01
5.839884319146855240e-01
-2.818156724975985350e-01
5.199062592949130757e-01
1.105258394712746867e-01
-6.674042470980288133e-01
-7.000402491985610043e-01
-7.298539943658647333e-01
-5.165434095530582193e-01
8.942790240996761897e-02
