4.348526178445056289e-01
-2.625658608032796493e-01
-9.712444834222048184e-01
-6.634857513393581652e-01
-5.224727132371827232e-02
-5.850051772587834265e-01
-3.932459317300760482e-01
-6.519434824403050333e-02
-4.609491254921875836e-01
8.821741829750535668e-01
2.070187232622851259e-01
4.133691814463889558e-01
-9.631435644944118524e-01
-2.503348914279325821e-01
-2.367667216086779269e-01
-8.866506172712635969e-01
5.177509344465052177e-01
-9.034653730484794032e-01
5.176412857761585329e-01
-4.220335734103722869e-01
-7.296227999636439865e-01
8.655997825659758060e-01
-4.423998907881265263e-01
5.521490033479397042e-01
3.122553491928855562e-01
-2.641531061854121565e-01
4.091393685584949202e-01
-4.734087824128330180e-01
-9.015569231704143593e-01
-7.846444147995225160e-01
2.415109375540926695e-01
-4.850452911345165541e-01
-2.565332930067101280e-01
3.284187813840613313e-01
7.293693522314327327e-01
2.642739237192960888e-01
7.038810714189831508e-01
6.588455756800685181e-01
9.161631343798147808e-01
-8.868069812990035938e-01
8.600163547368832040e-01
4.680183280014028613e-01
-9.484931438454065056e-01
7.121739156195048270e-01
9.099481681800533073e-01
9.450833130071073507e-01
-4.070905834224641806e-01
7.496004187079428061e-01
5.674243926535849081e-01
-3.342964026073765305e-01
5.733712410269423687e-01
3.975910279725422547e-01
-1.224695820247142380e-01
-6.142570954686059626e-01
3.007982329007286570e-01
3.058000578996762364e-01
-3.121289256469272355e-01
-8.716911857523891305e-01
7.226959145735292189e-01
4.866639801338883964e-01
-1.234344059038118835e-01
-2.579893809760905321e-01
-5.322452275844854475e-01
9.660631893689790584e-01
9.692274288361201195e-01
-2.375595193252352799e-02
2.032977408480418080e-01
-5.486872319301678846e-01
-4.781569995306503840e-01
-8.386152105692328274e-01
-5.622118098868619102e-02
-2.774618754306686363e-01
-3.882198522871956881e-01
6.959077492001382037e-01
-5.219673494656199564e-01
3.246432988568849765e-01
6.620778894293870565e-01
9.444231838846782745e-01
2.269673942890282348e-02
-9.079000429493986335e-01
-7.549205251933227556e-01
-5.422543926348845078e-01
4.377200295936130303e-02
-9.667251977374016203e-01
-3.817604028207257638e-01
-8.949484131994351888e-01
-2.676689315194480945e-01
9.698152706810911905e-01
6.401454435536202414e-01
-8.370200694875331582e-01
-5.068026271599513910e-01
5.061141259757975241e-01
-6.486489287540543325e-01
-6.028713490664416863e-01
-1.642512778959385189e-01
6.666463880502048189e-01
1.432315730904251960e-01
5.970208899564555249e-02
5.407315568253696636e-01
2.725354314610081707e-01
7.489506504236396189e-01
-1.342689055160055898e-02
-7.831672083695424558e-01
7.328327740289479753e-01
-7.003807028223427711e-01
3.401105198890737036e-01
8.552642562768032475e-01
-2.757529364217066181e-01
9.501661785862816068e-01
-6.339652562503247379e-01
5.928356058090918923e-01
7.110105552984156141e-01
-1.424182245402423885e-01
4.071804768732134594e-01
7.741121403855497629e-01
-8.245231456022389382e-01
-4.227033546803157793e-02
-3.094409012010131965e-01
-5.968651406210468968e-01
-3.703157359734798870e-01
8.474361627070887693e-01
-7.200208282771197732e-01
5.606480893958668554e-01
1.894450401315762311e-01
4.084328745755560486e-01
-8.044413221708237582e-01
1.682838650587580032e-01
-1.000000000000000000e+00
-4.188614129179967227e-01
-4.475523014578305925e-02
-1.463889070331334530e-01
-2.830202985740629673e-01
-4.215416090442986596e-01
-4.958211730290865149e-01
-2.698154430827497396e-01
5.927459481953357701e-01
2.414019466065754627e-01
-2.664029723670369720e-01
-7.854640525954844632e-01
2.781648039330040234e-01
3.123759093923230146e-01
4.501940718974560829e-01
-7.628680754160864774e-01
9.888232545587640754e-01
-2.498123303741298373e-01
-9.562073903779365336e-02
6.192281613001371365e-01
-3.624729484903806975e-01
8.218659172514731770e-01
2.353467519495527349e-01
-8.302201329024334608e-01
4.636857684537589730e-01
7.341626440281386889e-01
-5.455408463981843425e-01
-7.668551352754545691e-01
-7.807803046012326553e-02
-7.450940610771269457e-01
-5.855499639236351195e-01
1.000000000000000000e+00
-3.539558097460021036e-01
-3.542248464579855760e-01
4.829023656258452091e-01
7.092117570110336722e-01
6.109156676779207290e-02
6.521700561073106445e-03
3.725982947422089575e-01
7.033654223723730947e-01
1.672670604052203455e-02
6.203398740778924836e-01
2.249032864039245683e-01
1.719377294874754325e-01
5.470978463852662621e-01
2.475626328039126633e-01
-4.888996285648913309e-01
8.061603311441531972e-01
6.602774323339707374e-01
-8.343731439173852626e-01
-8.234746510496259164e-01
-4.113426846983102569e-01
-1.077568446431998866e-01
-9.525629683389822411e-01
-9.428851780291617191e-01
-3.865745311318272842e-02
-5.417200393222477706e-01
-1.220789187981198010e-01
7.693724284564612548e-01
1.769714895317073822e-01
3.822485037427896248e-01
8.701030146807973153e-01
-3.703048477034305286e-01
-5.073071344986944675e-01
-4.843699458073508768e-01
-8.186490829725908691e-01
-2.755951181896673652e-01
-2.990023728139724613e-01
9.480706354184872398e-01
-6.278002548874908051e-01
-9.770541377983408271e-01
-6.030927267166312777e-01
-9.393104732853794214e-01
5.235031594922162634e-02
-1.459183748274670289e-01
-4.536417166348789554e-01
7.922752012838465419e-01
7.798722238844655319e-01
-2.888080299383339877e-01
-3.730066560122569097e-01
-4.707228328694031405e-01
5.276527524168720396e-01
-9.666716832434845141e-01
2.748958903166062173e-01
6.723774833406185314e-01
-5.387320775312948173e-01
-2.340175261265478764e-03
6.335987266121393402e-01
-7.975657721034462577e-01
6.018392884968348788e-01
-2.751130916494997636e-01
4.124473346265392637e-01
-8.007424325048384528e-01
-3.965684939819622001e-01
-2.646044798577328883e-01
8.946771420745694980e-01
-9.823823132386659829e-01
5.712289526742397872e-01
-6.275876410666926253e-01
-1.070653017451708433e-01
2.701292720077212439e-01
4.577144975233213287e-01
-1.743483418610955460e-01
-1.660710471306089675e-01
8.029896379364510617e-01
3.941623582116048352e-01
5.397348276942249834e-01
-4.519375186931012256e-01
-5.973310441063210963e-01
-9.398406775098802068e-01
9.437357501985421671e-01
1.009314072534118201e-01
-9.603386163585441171e-01
3.198386417947677307e-01
4.749981921419578756e-01
4.202517539190965268e-01
-4.911515244968230054e-02
6.384432436842002456e-01
2.729193203101792919e-01
9.789882866927590577e-01
-2.577489126486078863e-01
-2.878229925727675553e-01
-8.791546840834547627e-01
-3.819707695182861795e-01
-3.500421814556189393e-01
-8.363256157157515913e-01
1.288446406995945315e-01
5.260645859283498149e-01
5.625676312415740093e-02
-8.224033426066267027e-02
-8.450431975380815475e-01
3.370105347949521879e-01
9.327187199206594670e-01
-8.529712702336451624e-01
-7.081956367603912117e-01
1.873909630884513372e-02
8.542954449658005656e-01
9.758647957764694514e-01
4.122901912546913378e-02
