3.259176191940905687e-01
4.507142716573839802e-01
9.382588597734096147e-01
5.203417371813182646e-01
2.704371996162633907e-01
-6.007907004372786686e-02
-1.762665097405344272e-01
-6.622314789730668338e-02
8.690436630798470397e-01
-1.480750785715354567e-01
-3.558671677602749384e-01
-3.622745687756595556e-01
-7.191639410261030374e-01
-4.748992834419076825e-01
4.348934143266247054e-01
-3.075650268621358818e-01
8.098982350098273830e-01
-9.166065472133750891e-01
-2.409578154383643089e-01
1.790500782943811597e-01
1.573028562555206233e-01
8.153795168939743654e-01
1.231725947101233731e-03
-6.461725804570581655e-01
4.706247347391137037e-01
5.673930327862415357e-01
-6.704942725330194087e-01
-1.759884218721558535e-01
-6.840728587891479195e-01
5.997637536149390547e-01
3.312854066404595510e-02
2.498363880124355729e-01
9.431920279078077618e-01
8.093142172860688932e-01
-2.412605132454110901e-01
-5.708606166030295581e-01
-7.275075451519454894e-01
3.024696190564460929e-01
3.758440587478395489e-02
4.355589243361555202e-02
6.175304831936688776e-01
-1.990803790282001939e-01
-9.338816199595241230e-01
-1.056036801070558695e-01
3.007912054347380293e-01
2.238433444875170264e-01
5.704322192469328812e-01
-8.655239987903307064e-02
-6.151550653025894544e-01
-6.224069631810588143e-01
-2.196062483375030294e-02
2.514518692100724262e-02
-1.114763171507043016e-01
-8.229144084785723345e-01
-3.801119951471803038e-01
-3.160768306318322840e-01
4.886527604622387111e-02
8.912680379224118266e-01
-3.861640815429771001e-01
6.085425051923132322e-01
-7.002243308627265073e-01
1.445826387248881628e-01
-3.555236636309916931e-01
-5.735886343379213992e-01
1.545201814483947722e-01
4.910982698729667861e-01
-3.133413066881309827e-01
3.614067733020622786e-01
9.000077105809842770e-01
4.430528584243135226e-01
1.295732420439428823e-01
2.490347535501746812e-01
-9.076808575758612552e-01
-7.422025386384005774e-01
-4.294474553430094321e-01
2.415975241741837587e-01
-9.053066190830240112e-01
-4.267876084738804199e-01
5.589855976846235253e-01
-2.136046717515151516e-01
-2.624021456650961204e-01
9.282317700295001917e-01
4.348344534675119277e-01
2.723688782993032298e-01
1.649548706301537104e-01
-9.055643871222173180e-01
9.007096811896170285e-01
2.198929497906078057e-01
-8.228216064445235955e-02
-1.048706453645030234e-01
-8.215707789407440398e-01
6.539794264811360502e-02
-7.823987279620040480e-01
3.882681789079963641e-01
8.011646432378753957e-01
4.893550706316008858e-01
1.418767005048426344e-01
5.371570825634488511e-01
-4.928926586896221207e-01
-4.826805979266160507e-01
-6.200165114210007822e-01
-2.038326536680657997e-01
-7.072322004596029998e-01
-1.242873308251314646e-01
8.036390615264675796e-01
-9.134776444534931095e-01
1.380283895568819030e-01
-8.594882384274156184e-01
7.789715596101595141e-01
7.083772443953302300e-01
1.571818582056639102e-01
-2.056003951700984267e-01
4.265627832528354757e-01
-6.746650985229578623e-01
3.956295974939870730e-01
-8.174694144450826983e-01
-8.271926961449915794e-02
1.337980154800356702e-01
-6.952930863491084690e-01
-3.866071693770564699e-01
-6.185965490097179442e-01
-2.943778770191148308e-01
6.186294196563999481e-01
-5.565858773423300321e-02
-3.847715559947073594e-01
-1.270055975630641765e-01
-6.955148921124651995e-01
-8.418889354033989858e-02
-5.678283701135991013e-01
8.285438442205790288e-01
-3.723625767318236024e-01
4.556695514721755824e-01
1.092514555473944604e-01
5.060374368007031221e-01
-4.720184273037505290e-02
3.948301898470576443e-01
-7.292635316339496354e-01
3.200145842537022167e-01
2.502866434440582100e-01
7.213051005949520089e-01
-7.114187582210190763e-01
-7.010080370732740818e-01
-7.576697780603895982e-01
1.395885292475828043e-01
5.736548023656007356e-01
7.896561431794800745e-01
3.051285661975490782e-01
2.787291681710453162e-01
-9.788112009507683453e-01
3.800678785339849375e-01
7.375121348379068409e-02
-1.306012833866251194e-02
-2.880716982006941151e-01
-7.072494958637458584e-01
4.645771100895139671e-01
-4.305818878351637125e-01
-7.467614575558672030e-01
8.107397551951940340e-01
9.036816917861273390e-01
3.875408672323193970e-01
8.229415551918628502e-01
8.286099707190951458e-01
3.397667950751869781e-01
-8.480860390029639762e-01
4.937835420257302710e-01
-8.978258936471924523e-01
7.122176227771775947e-01
-7.579547971769149406e-01
3.550672000244550208e-01
8.607837184627673555e-01
2.812356635860651100e-01
6.388247704342195910e-01
3.306245539305225911e-01
-2.580642004511482512e-01
-3.702569683222529107e-01
8.942483280497762754e-01
8.970001553424187257e-01
-3.083572013371044807e-01
-5.883385247573010846e-01
-4.323153156868162483e-01
4.866520403197792666e-01
-7.277801638491224745e-01
-3.592033670187652628e-01
-7.510145729125965453e-01
-3.819985200873548536e-01
6.546636973870531007e-01
5.589150880980221503e-01
-7.470070515424034330e-01
4.955100632879521627e-01
-6.328166916188415758e-01
7.061250517453057096e-01
-5.581586428295413072e-01
4.144588022989716403e-01
3.780414221825950660e-01
7.498096162124464614e-01
-4.822183566300913826e-01
-4.071325647181545104e-01
2.868439077641363744e-01
6.637401631373145428e-01
5.924983072522622685e-01
2.092434960187882775e-01
4.172736337543990204e-01
1.658594197331726972e-01
5.884667630411034578e-01
-3.328432640048877289e-01
-3.062352016846963121e-01
7.695089376523932545e-01
-2.485803947689670113e-01
6.089179336402736897e-01
8.434755263621502852e-01
6.352070964304462608e-01
2.991645135679631418e-01
5.731255547753941193e-02
6.067472086429488431e-01
6.431755886614591855e-01
8.543650655680947725e-01
4.690222575122908188e-01
8.188323956036801521e-01
4.315769352795849056e-01
-4.701020832687980988e-01
-2.769842229381843657e-01
-1.107413643204511605e-01
6.624511296887990452e-01
3.607350702357754457e-01
8.217266356637920044e-01
-7.548623658010409354e-01
2.466761150164343275e-01
7.514728384318511978e-01
-5.960604577278022509e-01
1.126851037422834378e-01
-6.107294567459065071e-01
-7.947349181930554174e-01
6.328393415362392194e-01
-7.416096526026648428e-02
-6.765139889756164315e-01
-2.112538698628624312e-01
-1.808596962138250830e-01
7.489945932708652609e-01
-9.042181657259576455e-02
-6.092906921732916814e-01
3.179886205379702790e-01
-1.053541991179220427e-01
-7.841171090742563576e-01
2.539898025842760032e-01
8.182356396339371951e-01
5.400769115182785761e-03
7.013027411919168230e-01
3.468680397275282212e-01
-5.570214676426868960e-01
-8.140614900011516886e-01
2.434491059174524047e-02
-3.991648746260832992e-01
-1.691059233089904357e-01
1.149413737181241846e-01
-5.239257574105945503e-01
-8.399764280630250823e-01
-1.393214945190484610e-01
-1.286593834768057221e-01
8.571135432986657365e-01
6.166420525866274094e-01
-3.174555135202419831e-01
-2.920134017379339975e-01
1.386334803132997784e-01
-4.951120253568251917e-01
-2.601052047544291090e-01
5.934465910124742810e-02
