-1.187140296882519958e-01
3.618547702043292680e-01
5.360392010551776609e-01
1.563777758096244475e-01
-3.249871759315766662e-01
4.918606018955221093e-01
7.338261627861450975e-01
1.230158323400785542e-01
-3.015729919147738802e-02
-4.245513936561758905e-01
-4.033619703831101133e-01
7.901916283598180157e-02
-9.293085778564101618e-03
-5.064128193320195370e-01
-1.588330549024049299e-01
-7.363381733477807056e-02
2.480871206025707654e-01
-6.315713138281593420e-01
7.427955955735705551e-01
-7.847697636660442289e-01
2.337819795333310746e-01
-4.047566733482953483e-01
-3.348340898147714184e-01
6.734689258357132169e-02
3.607891233029903444e-01
-4.981743864163684088e-01
3.565471701199496857e-01
5.414646434325629532e-01
-4.623217298002901265e-01
9.586186420394896546e-01
4.791118962681328863e-01
4.962871637361919164e-01
-9.566410408436390456e-02
4.802894669372917424e-01
-2.412772414303414603e-01
-2.304995277123543795e-01
5.148623610798029882e-01
4.288373947256489682e-01
7.932527701305178702e-01
3.047234791948604804e-01
-6.173464760814241226e-01
2.739598330169964457e-01
-6.416343282290530858e-01
8.010097534718855217e-01
-5.630767169536919914e-01
-5.927694675357427778e-01
-3.246678878788875067e-01
3.300148537729319931e-01
6.128246897139597582e-01
-7.770499689640871788e-01
-6.866133527582146678e-01
5.557220674986559361e-01
5.809624834596342768e-04
7.163968837527228128e-01
-3.448555843341639116e-01
2.233622146309634238e-01
-6.242891283402036695e-01
-6.305643694994356174e-01
-2.758671295153719005e-01
1.611556953439907680e-01
2.168176616727940931e-01
6.189802141007245684e-01
2.086566892103829118e-01
2.871321608179973062e-01
-6.950309190679975213e-01
4.768976815591129959e-01
-2.547311688334704116e-01
-3.885685868153028744e-01
-4.107450283823989023e-01
6.131560572502229300e-01
-8.680984965222059424e-01
5.944918492808923816e-01
8.163518624764942722e-01
5.123361933384710243e-01
5.368673316664670514e-01
3.048720509233410203e-02
-2.001380990848049546e-01
1.463190683146754767e-01
-3.623558867954770890e-01
7.879877317181983865e-02
6.582312428988044972e-02
-1.255997152296145780e-01
4.640754532556559120e-01
-8.359987437841651658e-01
5.810369218115321033e-01
6.147769504521126693e-01
-5.924710986559754422e-02
-8.979045042553696065e-01
-6.082512123129185655e-01
-1.382984405117075322e-01
1.121650469014408846e-01
-8.187312665851135263e-01
-5.988986793696844391e-01
5.150571081054096112e-01
8.285766203612665581e-01
7.979679705915130317e-01
-3.708102385845769566e-01
4.502423119236533267e-01
-5.741147260308056000e-01
5.771443248648606694e-01
1.167868682568553099e-02
2.185754868297641873e-01
1.113571117938725458e-01
-3.380138763308951355e-01
-2.485296648391761287e-01
3.100454194846232192e-01
-7.451702783796715357e-01
-7.844518245657248201e-01
6.050083686291046758e-02
9.457007814984912386e-01
6.795943314951526926e-01
1.837577449749905889e-01
-6.190550120677501371e-03
6.425168234159601699e-01
-4.242985140888468343e-01
7.258266721156377832e-01
-7.988653479357528120e-01
5.993869371859109063e-02
-4.722522667315603440e-01
4.518129648140269405e-01
5.943208338365085774e-01
-2.695809297102602087e-01
6.154128539010500498e-01
-7.207595977408566279e-01
6.190171913873150356e-01
4.336360213787743279e-01
-4.119863227019137097e-01
7.127924138731448478e-01
3.706635530183686189e-01
4.014802452032137370e-01
-5.437304069850596999e-01
-6.939357141656555816e-01
2.360138310492947977e-01
5.909360939974408478e-01
-3.128067673211425426e-01
8.226248677965704303e-02
-2.484160323321271679e-01
4.601868373057644845e-01
-5.740226232707180687e-01
6.638751735463481740e-01
-7.847336781258859584e-02
6.871007730966793847e-01
-2.276633702970931317e-01
-5.511663157493678078e-01
-1.848571925529806370e-01
-5.068294394473829012e-01
-3.882522611313947714e-01
1.597396183678089499e-01
-8.420052179911498014e-01
-4.533295671874297827e-01
5.907512255066827978e-01
2.517339280098679910e-01
5.866115904345524656e-01
-5.624431168335369824e-01
-1.035765371426805859e-01
-6.660664674950512731e-01
-4.979814969634682731e-01
7.145353556620340219e-02
7.415263488452819574e-02
4.491279006303205978e-01
1.612894761623339945e-01
-1.006928921505853142e-01
5.005025009470936981e-01
4.154992059541383065e-01
3.503952840245628808e-01
3.890912668076452197e-01
-5.503935736468393847e-01
-3.922858938342422830e-01
7.501930912063641266e-01
-1.593945712129896941e-01
6.419039836660225262e-01
6.483393984721974590e-01
-3.303845265665986131e-01
6.733517341035093473e-01
-4.207921922843692597e-01
1.930265292586390898e-03
5.889794701683431777e-01
-4.697013404073218101e-01
6.060986087557085344e-01
-1.855292436492801122e-01
6.781770967674966011e-01
-2.031610276030207662e-01
6.855600596850566775e-02
-2.884867949966576917e-01
7.308900146693172450e-01
-3.948060486660456836e-01
-7.599391228919047947e-01
2.530410796446760369e-01
-2.501242665992622349e-01
4.890631977154397680e-01
-8.045696461255418264e-01
2.866032533875261801e-01
9.173024717769912018e-01
-2.666705175580021819e-02
3.567770615094543740e-01
-4.680682311507075033e-01
6.096689588588396491e-01
7.294645558395922158e-02
2.124747444147267461e-01
-2.052733450385856306e-01
6.149087561778645572e-01
-4.176182214543416177e-02
5.778069916303966158e-01
7.160648026186411386e-01
3.391226093470905978e-02
-7.485342873397484720e-01
1.437523956088527233e-01
-4.562461555552486114e-01
-5.439966338958674985e-01
-1.674540191257689326e-01
4.292344282446255987e-01
2.784313198386804689e-01
2.352161226911702041e-01
3.653115632967035564e-01
1.564578520742474638e-02
-8.791919926851291534e-01
3.977596844054527292e-01
-2.706409312745501339e-01
7.338056975805907767e-01
-5.868790907390514233e-01
-4.108079134906233443e-01
4.728548299032084290e-01
-3.945728627771640240e-01
-3.611800561666613230e-01
-4.154167927504615054e-01
-4.858361679627499208e-01
3.107050622382780472e-02
-1.910150105655216424e-01
7.914442568659904031e-01
3.168482320789365314e-01
-1.171305437274389877e-01
-4.400843736337639589e-02
3.037709233362750894e-01
9.880847537464264307e-02
-9.489258396228157644e-02
3.220983226502329155e-01
-4.753452513536872703e-01
7.488532906643168285e-01
4.691718366562991904e-01
-8.025267440856169721e-01
-2.199675673284561261e-01
5.403964962557264995e-01
-4.348402942208998839e-02
8.606224700118455528e-01
-3.018529063315726901e-01
5.413696539298935573e-01
-4.397492498928909366e-01
-2.528253200009002999e-01
8.205932415070034125e-01
7.763222985249461361e-02
1.205828932723890246e-01
4.998047855491321578e-01
-5.338338708051915127e-01
-5.827869763874193865e-01
-4.892489054433414863e-01
5.592296608968869709e-01
7.747897110377212071e-01
3.760170720141826073e-01
-2.498982219627068346e-01
-3.441344066489210318e-01
-9.165381937565890702e-01
-4.036475790802991903e-01
-7.863584488191492916e-01
4.511987390296357536e-01
4.894314605386753669e-01
4.861838038340021706e-02
