1.125084278507907515e-01
4.200862783564868752e-01
5.241692675823023118e-01
-7.843789261472684515e-01
-9.173665723233573877e-01
8.860771637592211869e-01
8.064876751242383568e-01
9.040511417587655529e-01
3.155037124401341431e-01
-4.099161557201943529e-01
3.992952884361068988e-01
-1.683580404156667654e-02
-4.635576426594912314e-01
9.388019113723633513e-01
4.309203283004701956e-02
2.990236177804196926e-01
4.034570316865972173e-02
-8.337156692166941552e-01
-4.414363328844943535e-01
-3.003568918097387352e-01
-1.391868196533945640e-02
-1.342023291635631166e-01
2.350985990782892832e-01
7.816552900370894452e-01
2.391006081810241601e-01
-4.057394235152999018e-01
-3.956333089366648736e-01
8.480039091616623503e-01
-4.094778395796949688e-01
-8.018969659386677717e-01
8.859435259281392971e-01
-8.259280068012274656e-01
-9.531553439675362061e-01
7.123129702609576341e-01
-2.205582099272672125e-01
6.690112640755818685e-01
-5.223900935219680797e-01
7.784836858313818331e-01
3.707588189989432514e-01
-4.341279076112832674e-02
-3.101153464423924699e-01
4.310795171842827372e-02
-6.852247378945056644e-01
-8.650431683852356501e-01
-2.598520003870219974e-01
5.393215837484133246e-01
6.696426097133750810e-03
1.457933797754331906e-01
-9.113828939854761169e-01
2.639295343158949009e-02
5.505766471753790192e-01
-9.719050196957725873e-01
-1.342121450863016097e-01
9.901373147594285662e-01
2.916837685147760650e-01
1.807048949490117906e-01
-5.582374165111464448e-01
-7.530618468037527657e-01
-5.967576920663991702e-01
2.160363787826177773e-01
8.394501453627044585e-01
5.098221470817393408e-01
8.547248334451318375e-01
-9.866504928772905636e-01
-8.851342625256596042e-02
1.076856372884185259e-01
-8.133310929783285070e-01
7.998553226258806603e-01
-2.370370436840511519e-01
3.071037684119153066e-02
-7.727957451926305288e-02
-8.956623406825209299e-01
-2.032591094113746499e-01
8.613649653849385635e-01
7.054585177163709142e-01
7.621160896263186324e-02
4.905758533213026573e-01
-3.036315848638021508e-01
8.375041154110329789e-01
5.575098220938060622e-01
6.554528543325631729e-01
-9.001368864244172485e-01
9.224329330580851583e-01
7.945411535219731869e-01
6.313637962806342152e-01
-8.406574008491343730e-02
4.491218913010061597e-01
-6.977711470348906264e-01
-7.266803478389124438e-01
9.147678938750106736e-01
-6.716921993322034767e-01
1.152190538224215771e-01
4.206754520094670435e-01
-1.825179662889809262e-01
-8.573876781985584339e-01
2.350086413926320839e-02
1.988589072134843427e-01
7.061095984461256414e-01
8.365224795163689331e-01
6.430401541509453978e-01
3.947704753879271444e-01
-6.853174824803160980e-01
-5.014169717397158610e-02
2.493816202281047001e-01
-8.000169924504649810e-01
-8.326491188753228911e-01
5.036608760584144751e-01
5.427143898462281069e-01
-7.340849794332572342e-01
1.156936456586789702e-01
-4.819628285822155078e-01
-1.324397543965231405e-01
6.338625103325899734e-02
6.186896327594595402e-01
1.710990141218123872e-01
-8.111033520851622658e-01
-6.919279903340765925e-01
5.915772604873629215e-01
6.578233920661460399e-01
-7.971660660573988144e-01
4.182883431552849585e-01
-2.433976640937716707e-01
-7.720581129652641650e-01
-1.573767933724410095e-01
-1.289560443334399342e-01
8.670442035602372588e-01
-4.333397458202452590e-01
-8.862968484252528034e-01
2.659165466153716462e-02
9.521054789989209510e-01
-6.565100471594651488e-01
7.978994619295196600e-01
4.481574954617950080e-01
2.800090760200018014e-01
5.218942803643761286e-01
2.840093633401311601e-01
-8.975081121915907678e-01
5.496161111225458251e-01
-1.553331769829913167e-01
1.550916014781377750e-01
-4.483668786292423214e-02
-7.879800147410678246e-01
-7.526825094977056541e-01
8.958785568188271098e-01
4.839897366438336013e-01
3.333909611981718535e-01
3.124080426078115202e-01
-8.515598686983222310e-01
6.625792904197483901e-01
-8.953943960051773399e-01
6.187201576415745086e-01
8.949053878963248998e-01
-8.872407914550095587e-01
-2.116908060085953558e-01
-2.325076591223518563e-01
-8.954689313185943966e-01
-7.808150791121683254e-02
2.339706784713723245e-02
1.201054590184153503e-01
-1.827736355980551786e-01
2.926916764737893528e-01
-7.759855267864818051e-02
5.961029107487184620e-01
6.972861861428349961e-01
-3.091816603995116153e-01
8.726352390169352935e-01
-9.075110491003645086e-01
-6.440726257276072619e-01
-8.899031610091263644e-01
9.115873941327766461e-02
8.721428560352531001e-01
6.773849918534486925e-01
-8.382297667420881560e-01
-4.228289803770922117e-01
-3.993309326648321056e-01
8.855557414644094072e-01
-3.702828490425836838e-01
3.986901346066242802e-01
-6.054962642992162136e-01
-5.802001288052774930e-01
-3.655389375511803873e-01
9.367998726057414904e-01
-7.100207526831741056e-01
-8.019135909109437188e-01
-9.535348583896381403e-01
-6.116881871849338959e-01
2.123948348750487047e-01
6.033289940514960925e-01
-9.348750663869157540e-01
-3.391475437020322059e-01
-9.604261850990002403e-01
-5.473939808281591546e-01
-6.790887771295105457e-01
4.849326545349719741e-01
4.039678304246420715e-01
-6.142662640817205810e-01
5.778438915241432827e-01
4.566816625348665837e-01
-3.009289711400982559e-01
8.085327815320496603e-01
-4.140113068387361595e-01
-7.898647714968537459e-01
-4.778753692695891231e-01
-7.695945532074489892e-02
9.258582155336732011e-01
-4.953576087237859249e-01
-8.778609545037564521e-01
3.850462952489221435e-01
-1.586384510370423273e-01
5.771903126925419514e-01
-1.222172534991529738e-02
-1.031703792810425013e-01
4.249165003448940325e-01
-2.908709790896179537e-01
8.611466592814114307e-01
-5.237495156341159808e-01
1.963799751600786569e-01
8.944887946891262320e-01
-3.095961191445847915e-01
-7.626078866670497058e-01
-3.825331692525333338e-01
-2.343301343682232529e-01
-3.264287399484414598e-01
7.782921386960559573e-01
2.485894426360986120e-01
2.257641823060410613e-01
7.807358100079728191e-02
-3.007343157199741102e-01
9.410982852861531356e-01
-2.834245170791744317e-01
-1.261902672548461113e-01
4.769145986103375257e-01
4.775742367225890295e-01
6.392557131852487640e-01
-3.625906379333949103e-01
5.726049301185704987e-01
-5.529408171294689645e-01
-7.385244253232472467e-01
1.068677784285207016e-01
-5.130274918805729500e-01
-4.419575269968000208e-01
-1.865740591648022001e-02
2.126816737860123263e-01
-5.226894699142651257e-01
8.015960496413410130e-01
2.611140094836758574e-01
-6.143280780849198486e-01
1.261587517026506976e-02
2.387030021406195412e-01
-3.546784806775392096e-01
-2.985668470714083478e-01
-2.484705629155774254e-01
5.925118133656462338e-02
5.503871599600319575e-01
3.025089585745748266e-01
1.292138895012762967e-01
-1.927146173621322178e-01
-6.478101033501286465e-02
-2.589166237117230818e-01
5.803699931406639534e-01
2.979698025960195520e-02
2.455744539592846498e-01
2.080287486256673923e-01
6.145778060919332431e-01
-6.646372269850179260e-01
3.698761139670007914e-02
