8.958478228256605558e-01
5.004524856305155867e-01
3.745833699590226940e-01
-4.621933778048202823e-01
-4.463787414474509330e-01
-4.178621412699249360e-01
-5.263194269931262825e-01
-3.974978702304715616e-01
8.923689711326405760e-01
-9.225697644814631615e-02
-2.125676124180677917e-01
-4.249563737476561576e-01
-5.869367439142451209e-02
-4.198206077602843478e-01
1.978018662566868591e-01
7.580547763829095786e-02
-9.255932609588047866e-01
-1.533142635327094105e-01
-9.739255909978433365e-03
7.659611482854518094e-01
2.756711838750811605e-01
-5.489160788584828143e-01
6.969460591284297735e-01
-3.906653543375679938e-01
5.916336990752916192e-01
-3.763285047503762693e-01
8.515474738218001827e-01
-9.337545485044365656e-02
-5.006452171623084757e-01
-6.965954402227706455e-01
5.938365221035601937e-01
2.885240346077050377e-01
5.578520292018844806e-01
-8.552468091601171940e-01
-2.941327640974861213e-01
1.991700249481987428e-01
2.921725142218410953e-01
3.383802209729344646e-01
6.579780631189430240e-02
4.069992049977392279e-01
-1.432501419935455211e-01
1.121861971933041657e-01
-5.681851070736299025e-01
-9.103983193950500041e-01
-2.855625309836363201e-01
7.310785575677625214e-01
1.281185271681552218e-01
-5.284297802588917570e-01
-5.493546032654941236e-01
-1.890674980248983061e-01
1.160980526237222199e-01
7.927165375920510737e-01
2.490919999959013698e-01
-6.879545085389338066e-01
6.974643008113210474e-01
-5.792108794221670909e-01
-1.963693341771705070e-01
-6.092227063757799099e-01
-3.394762447467206679e-01
2.208143725277229019e-01
7.174051718713692072e-01
5.094514403923937618e-01
1.769371013832006789e-01
-3.653298990462129914e-01
-4.240970966131016873e-01
-2.185826896111598416e-01
-1.809670928845480420e-01
6.366062579653461451e-02
-1.271404953966727945e-02
-1.977449867680659001e-01
-3.265634771771314115e-01
-7.681215638017072078e-02
-6.109631753295790002e-01
-6.273932171519389644e-01
-7.406183174010620984e-01
4.316614210952011144e-01
-6.637531117433186356e-01
-1.665322339407814267e-01
6.540024859352848718e-01
4.813746422175090300e-01
-7.499648015937763201e-01
-2.931224532374692160e-01
4.627115864664733680e-01
6.602541441892300078e-01
7.346844272579855506e-01
1.327111617626063333e-01
2.117619013766738889e-01
3.349484731885029043e-01
-4.180713388671624120e-01
-1.246643666551024154e-01
-2.512524225778399733e-01
1.343424897522749739e-01
5.548508517541194118e-01
-5.934794268713716736e-01
-4.441039085885923887e-01
2.691336601764928171e-01
-6.225084003255747511e-01
-6.114803965245325656e-01
-7.557990627142393558e-01
-6.216339778562531837e-01
1.855674052067422530e-01
2.064426845206864813e-01
3.978179130827337318e-01
7.790414176415259018e-01
8.688860288830970724e-01
1.049032062923875297e-01
7.634473173955038661e-01
2.365305146216588605e-01
8.205565463234226753e-01
-7.874783663321653915e-01
2.955176555788250337e-01
-7.493562934074551318e-01
3.952663237052720380e-01
7.458140988449568631e-01
4.113679226582033222e-01
3.482205064602442723e-01
5.137976173562344151e-01
4.150307033589409889e-01
-8.691134510467318774e-02
7.520239257025110868e-01
-5.974900605908233242e-01
9.224331720368619258e-01
9.314116654775764781e-01
-6.633327798620318738e-01
-6.032012876926180489e-01
8.268685146760488269e-01
-6.963759120345147657e-02
-7.344874629834019508e-01
-7.874051440339614460e-01
-4.265436184642124595e-01
2.737674623312768563e-01
4.642878577014900587e-01
-3.206230158427980648e-01
4.162540445655243948e-01
1.311088981612710258e-01
9.156384458720555619e-01
-6.728186407239029609e-01
6.994381837174297456e-02
9.654771527809913323e-01
7.433124474148746774e-01
9.739478187815965304e-01
-6.756506170659775101e-01
8.415147144081820407e-01
5.618812913500663940e-03
-3.070738534570190414e-01
-5.574107891871264986e-01
1.221366268980102754e-01
5.137183677806186344e-01
1.700394549310965675e-04
-2.152846883896032959e-01
-5.059768780967271833e-03
-4.149104248276505036e-01
-7.225914740284544724e-02
-6.491720724790187580e-01
-4.566693852253711494e-01
-4.608912785888740204e-01
-6.111121586998391475e-01
-5.301266803898473379e-01
-4.598394383838163568e-01
3.496125274898213009e-01
8.672841141345299931e-01
-4.899641908045496153e-01
2.221746421995636489e-01
-9.440211402659984263e-02
2.319709771460769579e-02
-7.198966419126100469e-01
-9.186020638558218820e-01
2.210917417189441625e-01
9.906127662934854916e-02
-2.324126040966586482e-01
4.459762062499263435e-01
9.094176191924954189e-01
6.753722487374752559e-01
6.088993227593240132e-01
-4.823782226580531907e-01
-8.448359382854927491e-01
8.317040131942523562e-01
3.591536406708261131e-01
5.874741482120604541e-01
1.561167206962392195e-01
7.224651665785937205e-01
-1.000000000000000000e+00
2.369478604806446176e-01
5.419805142300319900e-02
-2.455172128871249970e-01
3.797729454965163010e-01
3.421469037187865325e-01
4.711207814417391893e-01
-7.157741457329654944e-01
3.326088988179340955e-01
-3.549619197202656395e-01
-5.356391864848606410e-01
4.151885593392028451e-01
8.512470301151329188e-01
-1.933126220251393801e-01
-9.087803582886941900e-01
5.142963671354272570e-01
-8.132399139634227669e-01
3.904778460313408917e-01
-5.169024945157936202e-01
1.213865532802632929e-01
8.864225381238703960e-01
4.470929611595984565e-01
-7.176891577658005561e-01
3.763043861778915256e-01
-2.323050899334272723e-01
6.025739053096228481e-01
-5.899068820069571784e-01
-5.234464188656506867e-01
7.426804869615044602e-01
-6.806916926794008837e-01
-2.495924097829832836e-03
5.181268670513872188e-01
5.544818348545275111e-01
-3.147058625576431012e-01
3.480443820568993596e-01
5.022724958499015235e-01
7.301449943624451766e-01
-7.942115409664445291e-01
3.243146516700993742e-01
-5.576880261017436169e-01
6.209652248614838665e-01
2.126764197867464234e-01
2.779579591473886266e-02
-2.668026209020259998e-01
-9.539491445694834315e-01
-1.108887165659215857e-01
2.540388001844469112e-01
-5.300456624146032691e-02
3.863529528675773150e-01
7.181125537460799624e-01
5.798599952826937187e-01
-6.115242375998078961e-01
-5.676155384452141739e-01
7.212916244327887139e-01
2.435833996986273564e-01
2.924116059120447364e-01
-4.706300218511876854e-01
1.765600586417099410e-02
-7.138426544043389999e-02
4.059578635046229289e-01
5.335603496350280750e-01
2.741650290286178349e-01
3.167171645622678389e-01
-5.557765111080416320e-02
-9.179712599031963904e-01
2.167360012894333221e-01
-7.176055475490241697e-01
3.411079416571208833e-01
8.119195958926009871e-01
5.907033928636822306e-01
8.114959845055892684e-02
-4.044916160164984675e-01
-2.360666814577154493e-01
7.631451347327262713e-01
-4.236947000320663292e-01
-7.897128105573414381e-01
2.964167502300252277e-01
-4.372341269937885522e-01
-4.329554606370793479e-01
1.722757332978107347e-02
5.796666702284480888e-01
8.437199322445512184e-01
5.108782992311194926e-01
1.086282892630376085e-01
9.166294277673144031e-02
