9.507370049891207264e-01
9.760309160194050593e-01
8.617132991771331296e-01
6.807077341566015738e-01
4.610627910334450519e-01
7.541570864559192788e-01
-8.668007221787725758e-01
3.007625501310642324e-01
9.066663052816704704e-01
-9.009791920495158202e-02
2.256355258279618969e-01
6.337055175720424094e-01
-5.019385709197839163e-02
-9.251101959183032353e-01
5.360563353150169519e-01
-6.481410144804611306e-02
2.814410074387573291e-01
8.060293961090390091e-01
-1.266578302432724012e-01
-5.009038955750098054e-01
-2.730750085668166016e-01
-3.236749536624921597e-01
6.172682394605114586e-01
-6.603426832191982010e-01
1.276168168025888783e-01
6.879297747846488953e-01
4.287674133067739257e-01
5.549753315507941487e-01
4.804955884092446117e-01
5.889195623463130413e-01
4.258784485554257260e-01
-5.515212650290078900e-01
-4.087012555058723053e-03
-9.753690430728716165e-02
-2.388381616900458193e-01
-8.069867227929704567e-01
1.037579165256137803e-01
-6.041297430558192350e-01
8.642186502666454606e-01
-6.479895148634298163e-01
5.497547205564492501e-01
7.894564006620859997e-01
9.195416795033257706e-01
-7.323011063433863821e-02
2.192679299474132107e-02
-7.005333705891175766e-01
-9.439657124293989732e-01
-1.640966153705086250e-01
-5.170442250642470067e-02
-3.309226570539829937e-01
7.379831818486390915e-01
-1.158000671600774717e-01
-9.798762142224790583e-01
7.367041968112258976e-01
-9.228369367604266627e-01
7.425930754940281986e-01
1.109750185095282338e-01
9.856461795321448671e-02
-2.916141799111189870e-01
-6.685443921098445097e-01
-6.102538033344592217e-01
6.485721962376134186e-01
-2.945797206431152171e-01
7.544460404492135952e-01
-2.056470958698471130e-01
9.655898061196844795e-01
-8.794637664372939589e-01
-4.271465370542020801e-01
2.173722142068742758e-01
2.666331171115661203e-01
-3.775503272449298175e-01
6.705406689105564144e-01
-2.689899117308514609e-01
1.631115265354141086e-01
1.000000000000000000e+00
-9.267049043351734960e-01
3.978897121122874636e-01
1.768266599037231768e-01
-9.595107844443540035e-01
-7.308272340391773758e-01
2.044352023948012020e-01
-2.540887059660330571e-01
-6.704184127193699161e-02
9.144445063175491439e-01
1.361564390422886905e-01
-6.337070301524564409e-01
-7.146478371240218008e-01
4.005126446440221977e-01
-4.311766965642396809e-02
-5.607994862836267469e-01
9.645830441514906539e-01
3.185844204292766491e-01
-8.011143492229200191e-01
9.173986312953192890e-01
4.733265430638480820e-01
8.453266653159903221e-01
8.253452334676940616e-01
-9.370815947407760138e-01
-5.901581351310677404e-01
-5.490264139006499899e-01
-4.444427609822415026e-01
2.183301594965714621e-03
3.715566901897702778e-01
-6.410521043693587773e-01
-1.315276562021083957e-02
7.418723942063845112e-01
-8.183080230515348275e-01
-8.455691777564690315e-02
-5.035414608836319417e-01
9.865942434499085367e-01
2.874777752383371188e-01
-8.749576567342292055e-01
3.855576042314435847e-01
5.790828609752490808e-01
-6.012434175543157622e-01
-6.258222133146342792e-01
9.156794745957181902e-01
5.061634543841011524e-01
7.701665997324250723e-01
9.061594784058727425e-01
8.831922398115615858e-01
-8.570137686360768114e-01
-3.362528832473542506e-01
2.255296687430062008e-01
-2.728295689736592866e-01
-2.546395203531475193e-01
3.508354459582822549e-01
2.534216422491981646e-01
5.040205363618071449e-02
2.843955340485385119e-01
1.528238997605267102e-01
-3.840809260011406878e-01
-3.991474505127726724e-01
-4.811981065534183810e-01
-3.570473814033632287e-01
1.043940144833448158e-02
-1.846730265444775088e-03
-4.583964191117853582e-02
-5.910548013085747954e-01
-1.775967888487061108e-01
7.656359164500644576e-01
3.139937288340939429e-03
-8.209157758617452449e-01
8.672560055008213808e-01
-7.530828126792105115e-01
-6.527625099868895886e-02
5.104898147592856761e-01
5.509898066269613981e-01
-5.373632812358735134e-01
6.263103054725309704e-01
3.821181225409996385e-01
-3.427275782648023794e-01
-1.000000000000000000e+00
5.711895199280382363e-01
3.531411630602137031e-01
2.555486364897974552e-02
7.277158796538754082e-01
-6.770073712369946151e-01
1.722171674198287872e-01
-6.119052468581186455e-01
8.270466036494693585e-01
1.477735058499130005e-01
-5.277490075538108227e-01
-5.611205918725653552e-01
-1.479711219519306564e-01
1.692768564278534227e-01
-2.702284971241385447e-01
-5.010732544314575598e-01
-8.100370919187444008e-01
-6.755286828784866637e-01
-1.555399587723362842e-01
1.000000000000000000e+00
-1.361484330445216773e-01
-5.266207736878678602e-01
-1.923383720698800814e-01
-2.278019579738571054e-01
7.747621019426540467e-01
-4.667034851892469249e-01
-2.107334360127961770e-01
-9.250884155096406047e-01
3.724395312173833794e-01
-7.800642543180346111e-01
8.687263522735133581e-01
-5.700380667520059674e-01
7.973548416474228739e-01
5.113308435733041613e-01
-9.975779160514175459e-03
-4.862703855004904541e-01
5.811861844495216922e-02
2.972319913121208579e-01
-7.171967622552620769e-01
-2.455851729809273298e-01
1.597383843906509948e-01
-3.802085434707599965e-01
4.125485008788807861e-01
-5.961563987919354934e-01
4.347741470141793241e-01
7.083036604531713909e-01
-1.048299475252496143e-02
-5.783564809924609529e-01
-8.147972361911255401e-01
1.338425431858383252e-01
-4.370859231964661640e-01
8.463822091282414972e-03
3.392058506873679713e-01
2.576719450188764693e-01
1.374885680266935140e-02
3.703821869099686581e-01
2.649165222716607926e-01
2.143801725941989478e-01
4.982806139294546632e-01
-2.521185917390374454e-01
3.613322523313005630e-01
-5.641275451953859932e-01
-2.706175958525217640e-01
-2.960951793203929830e-02
-4.699928590397118855e-01
9.824884747272247809e-01
-3.345858409696468305e-01
8.998222473010771827e-01
8.837587571836138522e-01
9.314480036292051290e-02
4.217591007655920321e-01
8.097955071038264174e-01
-3.658373758143736998e-01
-5.769996431015064209e-01
7.410883480258054767e-01
8.967941853696529408e-01
7.070798562430087308e-01
2.221848592224865693e-01
-9.275555717575058035e-01
9.862213031451704248e-01
-9.433235327186340058e-01
2.368747287188233130e-01
4.499834450672933195e-01
-3.521437393516114178e-01
-7.713919367509292080e-02
2.559115904134153241e-01
4.534486508229963221e-03
-1.350274682311694563e-01
3.334147843980690418e-01
9.861064083590463936e-01
5.007340601042765682e-01
7.504147232209396057e-01
7.815990373253329793e-01
-6.708414732759494792e-02
-1.360741458930863068e-01
9.325801913824058875e-01
9.278512221321062459e-01
9.537833233323345095e-01
-6.525947898302428829e-01
-7.192737805510507343e-01
-9.195596001972790035e-01
-6.687095634632962415e-01
-9.982429260783744554e-03
8.148244452236165503e-02
-3.462905205702200284e-01
1.829416865878288612e-01
4.385777583971329219e-01
2.584145773943902560e-02
4.118854109024109866e-01
1.380313909407692718e-01
-3.827710737165201382e-01
7.685865500987004717e-01
5.108792902306538153e-01
4.860793525650879826e-02
