-2.595086967436910363e-02
3.673419915978378691e-01
-6.152134397431523460e-01
-4.484346235514969498e-02
-4.127066952260287636e-01
-2.229171128733485885e-01
-7.333033175958280081e-01
-8.615858783728576054e-01
4.279488192034596183e-01
6.927873289701567128e-01
3.071211345535256321e-01
-1.333347735369333487e-01
8.289846703083303403e-01
-1.936677951411047149e-01
-1.179793429025844526e-02
-4.073542988131437781e-01
-1.918872623946272782e-01
-1.583895331998472211e-01
6.240693153958880579e-01
2.637615179367762686e-01
3.027044968914727185e-01
3.909144233111440658e-01
-2.407131629422127883e-01
2.373926762790591338e-01
-2.979235945522638596e-01
1.291762162913361323e-01
8.638068574639350405e-01
-2.421899994376380816e-01
8.917745010168683928e-01
1.000000000000000000e+00
-1.914752639473128043e-02
1.158317378141978105e-01
-1.795759671463987017e-01
-6.245003251724979831e-01
-6.915557619843231141e-01
9.151874487832979410e-01
-3.633430384609497854e-01
-4.599594611511714226e-01
8.104161141005878921e-01
1.265004150759341528e-01
-5.572401716931123516e-01
-2.535768951090189849e-01
-2.913938150579545860e-01
-3.504635682218170123e-01
7.233511990229143374e-01
4.135164650035891287e-01
-2.882517192740030598e-01
-7.342446504058753876e-01
-4.124921963014802628e-01
7.552691789519472287e-01
7.559164930621031786e-03
-3.784767134598905902e-01
3.526346358013938698e-01
8.041878486259903536e-01
-2.559271689276307882e-01
-9.067916637964064108e-01
9.552033186623178906e-01
3.824553870813485190e-02
-9.594714372650393619e-01
-9.207490028476766897e-02
-6.490240504137982924e-01
3.263560627187633290e-01
-3.620683293753007570e-01
7.322479455614991917e-01
-4.564991438255308620e-01
7.542767896651112469e-01
7.371173767347962702e-01
1.881803310364108806e-01
9.843901210014631697e-01
1.230463989871513966e-02
6.228407832340659978e-01
7.771752473986537346e-01
-3.640628798105649544e-01
9.158602416095207310e-01
-3.517793532033827719e-01
4.742796804523672360e-01
-3.948605930327695468e-01
9.668349430605795991e-01
1.567082057015078411e-01
4.007818455821238190e-01
8.393733912835221744e-02
5.522033181512583377e-01
-6.957288107003958277e-01
-4.349210846867779257e-01
6.714862564714455528e-01
-3.964021612827659524e-01
-5.387171428276960050e-01
7.653936653083232011e-02
6.831160514048493226e-01
-4.258298992813628336e-01
8.724392617851903786e-01
6.072247449633270122e-01
3.397578083814176697e-01
7.734060285618210573e-02
1.312342625419667119e-01
8.483629050250504067e-01
3.108859062578849253e-01
6.976066432299514730e-01
3.550613120635652820e-01
-3.342303026253519160e-01
-7.220024667117059813e-01
6.575158030100229922e-01
3.093774381900417092e-01
-8.738415334999419942e-03
4.886492687627952414e-01
-6.995871296711678733e-01
-5.190378227289071944e-01
2.264230114492949697e-01
-3.942830198227846861e-01
4.205700351512788870e-01
-8.674600608636254817e-01
-2.038593238744886571e-01
9.540748156200837826e-01
-3.997492486173774839e-01
-5.242646079993755759e-01
-1.636890538090703118e-01
-1.285570278180929449e-01
2.031524639688522260e-01
-9.228334644551252630e-01
-4.558844684580537487e-01
4.644109375095815118e-01
-4.178316462414632948e-01
-7.268759182896626925e-01
9.800322875483504781e-01
-4.739187566222195502e-01
3.778168773819023940e-02
9.710931340513007104e-02
1.000000000000000000e+00
2.305238389799749155e-01
-9.490567564373209031e-02
4.862302555838565743e-02
-1.154225992294569958e-01
-4.412109511767220438e-02
-1.034451154081114238e-01
1.831550378197481788e-01
-6.651096302680397088e-01
-7.145880847274113101e-01
-6.189763907398899978e-02
1.770040317223155746e-01
-3.269622011769772740e-01
7.652227478854948250e-01
-6.708408225092414578e-02
1.137769313014114769e-01
-9.814699791238773452e-01
3.757521985522126462e-01
3.406850189109280613e-01
-6.780768584055745229e-01
1.286061742813607127e-02
-3.643771256222902988e-01
-1.877597161157988914e-01
-4.689150261797561670e-01
-2.003567568838933721e-01
5.697694189480739801e-01
7.282107467322740391e-02
8.750500419297932986e-01
-4.988070192028222216e-01
5.626058808864105032e-01
5.852642636049615321e-01
-9.909923468828367721e-01
-4.647428812213995064e-01
1.091854887612009745e-01
5.447316399373566265e-01
7.563166373466674308e-01
1.527325715996375455e-01
-8.545541548621237160e-01
-1.990226219884512204e-01
8.004928469042852379e-01
8.656076083132497878e-01
2.595669890703546923e-01
9.067484724155638887e-02
7.439967878166355852e-01
-1.738236569776363538e-01
1.000000000000000000e+00
2.481400046158217521e-01
4.737565822799186255e-02
1.648333693032604241e-01
7.390511702354629620e-01
-2.861357082240157390e-01
-8.811062060184946532e-01
3.872665261286126759e-01
-6.339057041112019508e-01
4.123776295060921360e-01
6.582886286548681465e-01
-6.178205400437730699e-01
-8.198859002245577621e-01
8.032515359897447471e-01
6.676275417117900624e-01
2.865382460668846054e-01
1.954139389498318891e-01
-5.490318694948498335e-01
-5.306182031059897275e-02
-1.527541539593037512e-01
3.169332666421385003e-01
1.256801707051120875e-01
4.967756317237217445e-01
-2.771103622188014759e-01
8.753223657840565330e-01
-1.943145165981317035e-01
4.845275665390537112e-01
7.834081743574865531e-01
8.412631718607725961e-01
6.557219417490232072e-01
9.497906346444953130e-01
6.372122562889566411e-02
-8.528980267778288882e-01
3.236481881766358204e-01
8.552188173558463724e-01
4.605886206968545227e-01
3.561930541082791724e-01
-9.764969428559877596e-01
8.474467976718125239e-01
-9.844264335174706115e-01
1.000000000000000000e+00
4.934551551014181858e-01
-6.415463563151785342e-01
9.413708868932682550e-02
8.538385816613903723e-01
-7.707434352612911876e-01
1.177952354728667161e-01
2.183704857772418573e-02
7.602397900515992513e-01
-9.197603215233259855e-01
-2.514505343523935066e-01
9.923821567303260371e-01
1.085481002528553007e-03
-5.448054169379330791e-02
-5.722891268052461289e-01
-5.518897501691148733e-02
-8.242654720782818245e-01
1.831603210801542592e-01
-6.116946574277632998e-01
6.176874677572764538e-01
9.564321084211580004e-01
7.980033069348089203e-01
7.067945630801544254e-01
-1.427251009677457660e-01
2.239239569306464839e-01
-5.017203047164444651e-01
6.651069650601276750e-02
-2.678337436563527074e-01
-1.000000000000000000e+00
2.245422229677056514e-01
7.038968970505072864e-01
9.940080893840870235e-01
-2.812504356266861127e-01
-7.557997093324584359e-01
9.719859862214911272e-01
6.861080752716230968e-01
-5.446835206738829260e-01
-2.924041081322265589e-01
-2.248119277653082282e-01
2.961100026922791062e-01
-8.361154753444552945e-01
-6.627782671911199852e-01
7.910952409668157159e-01
-8.114416136048020478e-01
2.436100713791453098e-01
-6.533062255322310552e-01
2.583157832325669867e-01
-2.228755875000837106e-01
5.426556312023516071e-01
-1.046874555122598999e-01
3.470134311604043398e-01
-8.544728596477879634e-01
2.606161299922975516e-01
5.163157243757148657e-02
