1.192593383275956237e-01
1.793882291518027194e-01
9.807192853862281567e-02
7.389056986237256541e-02
-6.121459472684349229e-02
8.368018462749422515e-01
-4.645003177481758505e-01
-2.683931366163748722e-01
4.121200508505429849e-01
-2.791353363724644043e-01
-6.241409216546226629e-02
-1.498469750254837959e-02
-1.100827447614634996e-01
-1.076019129716688782e-01
-2.436004250474179955e-01
-7.326499403248615261e-01
1.394334704971980643e-01
-3.664934440969348506e-01
5.344766411664390038e-01
-2.131095626412063057e-02
1.157528491925076120e-01
-2.569438797823698772e-01
2.805571875884803612e-01
7.076297487978454592e-01
-3.564890279691802499e-01
2.454920549654172890e-01
3.253422440039077101e-01
-3.809855040033647278e-01
-3.497559921004986805e-01
-1.690140669816103114e-01
5.336194028167805248e-02
1.578352376708518912e-01
-1.577832487246259852e-01
-2.631602112779775626e-01
-4.651605093089909992e-01
-4.931009430129870141e-01
4.682379121691019330e-01
6.019708809755976997e-01
3.489386520699415684e-01
-3.397490567642526271e-02
1.948771250177195880e-01
4.778905398369768381e-02
2.246451718021238997e-01
-1.229868341012731320e-01
5.407515852432964731e-01
-4.173665245855771172e-02
-3.348093533032141522e-01
-1.534942665365966186e-01
-4.992208843003447805e-01
-1.459987138616573865e-01
5.674544000568995106e-01
1.515928258441116561e-01
-1.205117122835096671e-01
1.759783363272200973e-01
-1.093533026783448554e-02
1.036578374391117358e-01
-1.244388141223069233e-01
-2.048692276621332242e-01
-4.969983230663658769e-01
3.156381008517412656e-01
2.742120838858232990e-01
2.879107741904561313e-01
-3.828176512977480295e-01
-3.036984226633851480e-01
-3.516084787816186608e-01
-2.795351354386615417e-01
1.807832877236545399e-01
7.755152318228655806e-02
-4.806085889513902476e-01
-5.559360575519552983e-01
2.743137871311434606e-01
5.014815217026901556e-02
1.409264974388041991e-01
-4.018539971728424948e-02
6.775372511585155966e-01
-7.463018876245931799e-02
-6.012056387666366852e-01
-7.304155728110264256e-01
5.987825001107794920e-01
-2.048858825633335656e-01
-3.315770906668006335e-01
1.060563073037700810e-01
-1.131832031902200858e-01
4.533281576052315964e-01
-2.974709090731980088e-01
2.336454479698042153e-01
-2.199924537515430822e-01
-1.353529518423384759e-01
-1.328621045585951232e-01
-1.493830720855040262e-01
1.243132571079783311e-01
2.709928917158623274e-01
-2.881367422967355818e-01
1.759745207266300016e-01
3.231000274923422344e-01
-1.783512821061873088e-01
4.452198477800400345e-01
-7.898097429084452448e-02
-4.766707231279521118e-01
5.081319501742080913e-01
-2.581132818758393732e-01
-5.168873814416263812e-01
5.796174692721079991e-01
8.122650699814684128e-01
1.498537818729557269e-01
-3.927747552901865169e-01
4.175530776672904953e-01
-5.439659208462838125e-01
-8.409815805351693319e-02
2.345049204027546130e-01
6.175662514017651317e-01
1.570690083328926956e-01
-5.679034702964128600e-01
-5.678484843847150243e-01
-4.625304784739263653e-01
1.246154191251786919e-01
-3.349289983828862560e-01
-3.362345025600388393e-01
2.985959559419465101e-02
1.901730959225111373e-01
7.009451533603874851e-02
2.485833420562805207e-02
-1.388777787520740215e-01
-5.951006304883247333e-01
-5.673578874632795310e-01
-4.094253902212942053e-01
-1.202183439228408784e-01
-1.230013260411243620e-01
6.763678250684708460e-02
-7.455620807320022525e-01
4.301963127420692368e-02
1.765828382228928073e-01
2.166604407340374516e-01
2.147742676524543315e-01
-2.294866221660672168e-01
-5.178161383126905770e-01
1.182545010641406213e-01
5.344351224549541701e-01
-1.537041254531635870e-01
6.736009574454579485e-02
-1.082301524871006754e-01
1.848712884929946121e-01
-8.588200174294861877e-02
-3.397046814766818690e-02
4.615605016672169603e-01
1.333005381750156371e-01
3.578282261025982347e-01
-2.242051726681013324e-01
-1.435171539484828562e-01
1.704555593591814688e-01
-3.551693051514251930e-04
-3.706593570225166223e-01
-8.144741915295639068e-02
-6.770406777948805299e-01
3.961135969654390743e-01
-5.103965693326744102e-01
2.216287695060788765e-01
1.177250592321553990e-01
-5.593380350759266095e-01
5.151338880328284464e-01
4.694125942278069008e-01
9.274426919591390039e-02
-7.760711397950033064e-01
1.475463651961458622e-01
4.825235141723849819e-01
-1.977394723712821989e-01
-3.075328483587700945e-01
-5.791169845682009321e-02
1.466200721578307109e-01
-1.088094016163570349e-01
4.266145601943753529e-02
1.253179938429293816e-01
1.619639754353173200e-01
-5.356401999734092811e-01
3.940945073223589036e-03
5.031352853902115729e-01
9.429528897858353853e-02
2.073793592098198135e-01
-4.027987641676030739e-01
5.225769023830287852e-01
-1.380323650660599810e-01
4.696633981882222808e-01
-2.808093710831391365e-01
1.094414896942271231e-01
-1.650749894363222892e-01
6.895734077567734488e-01
5.340308881046335054e-01
1.433825181437208551e-01
4.850382822884589940e-02
1.325497043684648740e-02
-5.381707353726574716e-01
-1.263163094738427306e-01
-2.280256619855665356e-01
8.918846776136998833e-02
3.308393805803042098e-01
3.200302671035505919e-01
7.460999494581407321e-01
-6.059831716868632756e-02
-1.217102137949913065e-01
-3.326397071963801411e-01
-6.289224784235010191e-01
-1.074220203806722368e-01
-1.832294487802533511e-01
3.855700702436833383e-01
-2.064199035689535250e-02
2.644790734923849751e-01
-6.634146919083122595e-01
-1.619696496703465771e-01
-5.017075405471453919e-01
7.700996661542963695e-02
-3.655784773989950165e-01
-2.612064057502742620e-01
-3.951216877555947526e-01
7.306065518903180900e-01
-3.682970195274561931e-01
-1.301169933823172198e-01
3.658920954477046239e-01
-1.300821907988757853e-01
-4.080364186779275593e-01
5.734279529071824311e-02
5.130493247832730586e-02
7.451077445413608613e-01
2.055437742905129039e-01
-2.107197708992139817e-01
9.729034039636112741e-02
-1.303983187549212774e-01
9.222268855635912255e-01
1.401973865346323178e-02
-1.335243007719521813e-01
2.545639797383624225e-01
-2.886980409415829119e-01
8.156972248886696919e-01
-2.791009261183798329e-01
-4.020795195416514839e-02
-2.570836520830117600e-01
4.037028351892240075e-01
-2.145289145774822159e-01
2.072194231597713210e-01
-2.731975949010594928e-01
-2.209653474556688979e-01
4.313216464525311267e-01
-1.712761632269901024e-01
-1.360899159433321126e-01
-1.529350810713639083e-02
-2.657995274733269131e-01
-2.427018429781192810e-02
4.710163600898589764e-01
3.953560578830830896e-01
7.140996645928685549e-01
-1.676126704733224282e-01
-5.963965234747088673e-02
-1.850901280105106683e-01
-4.170628630921833224e-01
-2.538123444434199905e-01
-5.315927190834960347e-01
-1.888100320525391562e-01
-3.574810995024376714e-01
3.154867898787074854e-01
1.694134964333397428e-02
-1.749817492295399346e-01
-3.145026276345643246e-01
4.593051592946826300e-01
4.059868281220871400e-01
6.324022615360835875e-01
-3.210647118345686390e-01
3.093797544918411996e-02
