4.147960571568488075e-01
7.819947313859607618e-01
1.779712608576217436e-01
5.933922398519324570e-01
-1.579838662561384444e-01
-1.522627496126181118e-02
-5.902079789748703176e-01
6.846489788084409236e-03
1.772588036275578316e-01
-1.691083811196478215e-01
5.814773428803234889e-01
4.365226477805127514e-01
3.981507288764980501e-01
8.030326442507430829e-02
6.654947634752164110e-01
-3.380934812351182317e-01
-1.467439869813514097e-01
4.230559915204454291e-01
1.903001298817328935e-01
3.579521638959917706e-01
1.853607921782451096e-01
-6.575379638575561125e-02
-2.798397092094614957e-01
-1.163157679166095491e-02
-9.122927566996804627e-01
2.750877222188813365e-01
6.500715394239828804e-01
1.440184712330598027e-01
2.632077755642343031e-01
5.095583662860473373e-01
-6.913437623413403177e-01
1.670466717272018620e-01
2.081175760512442852e-01
-5.130852985055500692e-01
-7.241172574265500317e-02
-5.468882266618966918e-03
-6.592434429060145540e-02
-5.442288200444360680e-01
-4.730498847283415853e-01
-2.295299810499615567e-01
1.365487953039114521e-01
6.280345203204841242e-01
-3.132273725696745337e-01
-3.307846824946378272e-01
6.274348355521294218e-01
3.045079528812444924e-01
4.215576903917930274e-01
3.839375241455567633e-01
6.552938234209330914e-02
5.858210609713082606e-01
-4.217665124309924463e-01
-4.968060620924748538e-01
3.531871344138874658e-02
-2.569114518719982018e-02
-5.551502344717975657e-01
4.962015748151723388e-02
-4.058767361329734258e-01
7.342068493809922325e-01
2.460926525173341706e-01
1.041486461139815890e-02
7.718947638980273585e-01
-4.284879592907998580e-01
5.028979977182597150e-01
-1.905668011124632757e-02
-2.186113091670855713e-01
6.906381651022677204e-01
2.976726154993096785e-01
2.730601625222057321e-02
6.718434664328175598e-01
2.155375925672743109e-01
1.692757943185200509e-01
-7.320156803375481580e-01
-3.863687918924122444e-01
-9.249003411531850904e-01
-5.496382237496848233e-02
-7.404379060716308469e-01
1.270683881854905994e-01
-2.662108757003025516e-01
3.547005447753164842e-01
-2.370713075789769309e-01
6.864785974675718938e-01
1.600510051690619551e-01
-4.689375274304105612e-01
-1.141566826345734309e-01
1.402116360005346563e-01
-3.039736987416441494e-01
9.258004278587157465e-01
4.062528214391829540e-01
-3.104575336863262258e-01
-2.454979143883689319e-01
3.802262183375109128e-01
7.927816990851294099e-01
-9.231102539804794671e-02
-3.855840896065152457e-01
-1.403542882216435583e-01
2.539507268531661088e-01
-8.004082851275184929e-02
-3.185252178847888804e-01
-4.176245807083259209e-01
7.209118698472977149e-01
1.536914547906680084e-01
-3.118270864290101710e-02
2.949083372089044697e-01
-4.520246437237522286e-01
6.101772607358050271e-01
-1.544982256772746698e-01
-4.330869754351385215e-01
1.797740519918189228e-01
1.301408365931359112e-01
6.197275686674709183e-01
4.372852376891385728e-01
3.616563374641154072e-01
6.469506162935371174e-01
3.780690308722479687e-01
6.420840011218016397e-01
-9.456079323429736894e-01
-3.976953644165773794e-01
7.161335620905869837e-01
-1.983484364202136585e-01
-9.914030734992371197e-02
-6.034586088122871894e-01
2.659281979099936688e-02
-5.758255978870967517e-01
-1.158026444424071766e-01
-1.233206330490661945e-01
-1.710783562342742536e-01
-1.721835767802843697e-01
-5.602520916948151575e-01
-7.998282558479538062e-01
-1.176640177636968376e-01
-2.172234379912672542e-01
-3.513478588865786012e-01
-4.147791473527521200e-01
2.981504285103551283e-02
-5.973292981428918180e-02
3.626571169571680131e-01
-1.873162241775591097e-01
1.414712675698547306e-01
4.347637892522016045e-01
-5.948594842513155179e-01
-3.571384047998597544e-01
-2.347658703821681181e-02
2.044353605631742954e-01
-7.025963929656902085e-01
5.617834456898997963e-01
2.089284857968609910e-01
1.130563010609774294e-01
-5.887379737233454369e-02
3.079860577832703172e-01
-1.004867426004523723e-01
-1.082051266885751817e-01
-7.390328946545053901e-01
-6.418528033041227040e-04
-2.740137134138174724e-01
-3.989119978539505951e-01
3.204937276045236594e-01
5.925219573674243151e-02
-2.342665735606374589e-01
2.221569801840196090e-01
2.227356318531398816e-01
5.455708030636241546e-01
-1.696879597013858099e-01
-1.949373674908771569e-03
3.703950772249364198e-01
-2.429385444121932303e-01
3.155363514268038072e-01
-3.793027555782808036e-01
-4.193376019553368694e-01
5.203949910859225619e-02
-3.535192537468556662e-01
4.276424794782325844e-01
-1.381867118434457198e-01
1.414545904261282731e-02
4.967200251266470357e-01
4.224391481850776064e-01
-5.450598248041030880e-01
-8.041997010368628906e-01
3.389413781771978829e-01
7.448166459154466346e-02
-6.320165627045407630e-01
-6.380035213924524495e-02
-2.962122960337321489e-02
6.146347727684525059e-02
6.365147105218773582e-01
-1.886060796976375964e-01
-7.085587867043384724e-01
1.625576178727140830e-01
-3.459433151209492796e-01
-7.919951113625910422e-01
8.338178454253979133e-02
1.766447758966915582e-01
1.925277505591171945e-01
2.587122550874936810e-01
-2.676028646682554468e-01
-1.164862480403894285e-02
7.755195670849839296e-01
2.254251081216479824e-01
1.017613751998361765e-01
5.729707316566653441e-01
4.089372550426506429e-03
6.300503380909636686e-01
-1.602706552055268852e-01
2.778964920753776990e-01
-1.044523785078855932e-01
5.150682081773787502e-01
-3.681013191047500799e-01
-2.609835712357660986e-01
-1.248738817705817156e-01
2.545521049221484144e-01
7.675234457691553214e-01
6.837876539799216946e-01
7.977687141524873737e-02
8.317178510927698554e-01
-5.871281544374698513e-02
-2.394562266558176722e-01
-5.538756670344461286e-01
7.748085257415887606e-01
-2.574641580993197176e-01
-3.584456916353143119e-01
-4.970536617622153819e-01
-3.180268329951085327e-01
-1.497108723180596568e-01
1.330397307355965231e-01
-4.818381261545447436e-01
-2.743066080471496249e-01
-1.250987905634109443e-01
2.706480471956455580e-01
-2.958636301641225097e-02
6.496923684810715915e-01
6.067931893654525677e-01
3.820818196416823076e-01
-5.498841685916360245e-01
-5.386184276157934825e-01
1.651235539250122675e-01
-1.773710518261886748e-01
-9.298367597177092936e-01
-3.132596630641639179e-01
3.143247416859873411e-01
2.474525508007206220e-01
9.764460411106644366e-02
-1.305025706166865196e-01
6.110797023868208555e-01
-5.168751726626598375e-02
2.059936595223895717e-01
6.460523842859888788e-02
-6.602167888572783028e-01
9.425480151204788937e-02
-1.811013751595676735e-01
-3.237952372881490737e-01
5.513546336681603988e-01
-3.314295824831166581e-01
1.098771937329066917e-01
-7.217642531435200515e-02
7.375840966965965251e-01
-2.113127732582722462e-01
4.550496668147107487e-02
-5.202104753144722038e-02
-6.696348557099879306e-02
1.406298144703865272e-01
6.198750520244893369e-01
-4.991661040692531026e-01
-9.809826339285060773e-03
-1.481933334094213406e-01
9.819744240286951142e-02
1.229839714184199628e-01
5.024048766324861609e-02
