-3.855852882236558976e-01
7.710196082282025909e-01
7.308087633615836243e-01
-5.361192682442854629e-01
3.124007074317388666e-01
8.403534774036008903e-01
-4.241969778643870509e-02
-5.583701611920406371e-01
-5.638883306282201774e-02
7.039363655220975957e-01
-4.732350090008464738e-01
-9.558479633158294408e-01
2.745721439231926242e-01
2.745229624828714465e-01
9.068602375931313908e-01
-5.765554766012281895e-02
1.637943736123979588e-01
-5.208117680074969558e-01
-6.268810028337425955e-01
-8.735472199633180779e-01
2.112160179635593979e-02
8.071499298348183693e-01
1.891909694222985994e-02
2.280727984806464950e-02
-7.643401192669716515e-01
-5.926535404933019890e-01
-7.501565825882965388e-01
9.771742759189903094e-01
6.682364752913205752e-01
6.245231664548966943e-01
-6.756188059241392541e-01
-1.277351467874604796e-01
1.301118844374946626e-01
-8.166834659787466366e-01
7.304353514088630650e-01
7.837454483154360219e-01
7.961147814296631875e-01
-6.575093849572322124e-01
-3.431038840934982348e-01
6.989476170151878165e-01
-7.504033010496662381e-01
-6.976636816409662600e-01
-9.434841578971847609e-01
3.261806435322914810e-01
-9.898684341397485653e-01
-6.155801105672675799e-01
-3.253171026771345398e-01
9.934725558074748442e-01
8.344227500885297300e-01
6.783825315367519870e-01
4.817479286629868795e-01
-8.210171580965701654e-01
8.230024951742210826e-01
-2.061852739674110979e-01
-1.999259092526455006e-02
8.387036100957101503e-01
3.197348088468303651e-01
-5.235447430930666446e-01
7.046150221726713014e-02
-8.539497626008710207e-02
5.599403308980198668e-01
-8.893919026977994413e-01
-1.533896426665999346e-01
-3.679270367540986575e-01
3.565792802516504212e-02
-9.755885307347237356e-01
3.235269686041112314e-01
5.675298626876948971e-01
-9.819591012099870841e-01
9.125626759680210975e-01
-9.823808290161986090e-01
-1.965811024202712143e-01
4.632792984743904219e-01
4.605529325892483983e-01
9.727601165874630862e-01
-4.710178652514025455e-01
2.900528932954776762e-01
-5.894466305300307685e-01
-5.418232892133996170e-01
1.000000000000000000e+00
-7.631837784428344151e-02
-7.810722600863445608e-02
3.033816714431301076e-01
-3.920826474711782694e-01
2.149232120134607904e-01
-6.710844656162016086e-01
7.886210310040386862e-02
8.022030760019807083e-01
-4.222413379308970205e-01
-2.553804756992714142e-01
7.367494872062916311e-01
8.304565202408584756e-01
-5.432904781199490163e-01
4.733426875993887450e-01
-9.351455028919948287e-01
8.035678520280634674e-01
7.938227898514290670e-01
-5.032770002678912391e-01
8.192358047774137564e-01
-9.046012122548245937e-01
9.116490618423744863e-01
-7.131739443505016318e-01
6.863036176288825896e-01
-2.154870157642374551e-01
-2.005632580716611435e-01
-8.354038117765290039e-01
-9.196788108786910776e-01
-2.857434886301796206e-01
-4.843222473253526172e-01
-3.145847057208453479e-01
-7.797441909550961725e-01
8.863978218183153901e-01
2.824162970960358843e-01
-2.214166470272524445e-01
-1.726771900062168408e-01
-2.806581312028001429e-01
-9.746628845804213848e-01
-4.396041978890111168e-01
-2.048129850067565982e-01
9.294426584735431263e-01
5.263494313884848480e-02
2.160380016707328932e-01
-5.701866907711177213e-01
-1.022131925413558018e-01
-3.406488876839995905e-01
1.581333339590959008e-01
1.236595586128155511e-01
4.869057845683694152e-01
-1.948968125746462776e-01
-1.672346314551222124e-01
-3.657923567745506865e-01
-2.936833603610129739e-02
-6.949891132210532785e-01
-6.205491168342796016e-01
-8.815445909003856162e-01
1.334310088382439086e-01
-9.373085133839300642e-01
5.164823106292295574e-01
4.158002117200109565e-02
-5.235691601025441733e-01
-5.286970391277422132e-02
7.411328576026705584e-01
6.736966873112029131e-01
-7.340830584697385572e-03
-4.351086159726387237e-01
-5.555742268869694467e-01
6.045960474160007037e-01
3.883016402026921998e-01
8.248247492982929696e-01
-8.055024387012751363e-01
1.825167078001554144e-01
-5.679641921997036214e-01
3.573717281723394201e-01
4.246960014931852045e-01
-1.841349490338731743e-01
-4.425315629638598702e-01
8.754316277154386983e-01
-4.082090148504259608e-02
-1.305564983406175272e-01
1.867647564518264969e-01
-7.747488384190333033e-01
-1.223863627334677850e-01
-2.594295050716667883e-01
-5.549028536574429626e-01
-8.219864548369064661e-01
-3.080255658148458031e-01
5.929465593185654360e-01
-7.524068037336151260e-01
-9.684371362670360917e-01
7.893972409998752937e-01
9.548512692727642026e-01
8.603615344458604985e-01
-1.604034569587164394e-01
-7.548071043519327672e-01
8.785205460050741211e-01
-1.513800168127708012e-01
-3.509638112611545013e-01
2.613834788728804440e-02
1.518111094092373659e-01
6.503780185682914716e-01
5.877523846656782514e-01
-5.241981317472969026e-01
8.768575615167522042e-01
-8.920983492877703203e-01
-7.181777186892119857e-01
-7.315374272367602959e-01
-2.636398216533298866e-01
8.015717418678607320e-01
-7.573327178763049616e-01
4.213984142916571418e-01
1.006841108731569845e-01
-9.646339215414657664e-01
-5.970228527334366098e-02
-8.711470168830706129e-01
5.793025611687401266e-01
-5.683530921278318049e-01
3.357144485512095211e-01
1.306619749547225165e-02
-1.220445935076457655e-01
9.269423439899031614e-01
-3.194325376835429608e-01
-4.391235188112802557e-01
-1.969998889990029478e-01
9.748937879863687206e-01
8.774893447991340967e-01
-1.073501032725494159e-01
-9.479051695982824155e-01
5.575292895898575907e-01
-1.000000000000000000e+00
-5.633083802718770183e-01
6.595723174667345035e-02
-1.527183631281453513e-01
-8.263660253859244076e-01
-5.595056298350125079e-01
5.666470555429063971e-01
-4.991555257260016920e-01
-4.524442022464459923e-01
-2.290396041711026953e-01
-2.102695552278753266e-01
-8.808161452141842762e-01
3.451894878131820388e-01
-5.777218649545668994e-01
5.779769191596844102e-01
7.322182503892031846e-01
2.332590861510149827e-01
-4.358151267964264775e-01
7.658744020323960955e-01
1.221492373352673910e-01
5.864353036105141026e-01
4.610977727468675846e-01
-1.256452138653011419e-01
-3.957285028723470655e-01
-4.032837526379777215e-01
-6.602023129827532255e-01
-2.577703522527639013e-01
2.761618978326910168e-01
7.629357082106927868e-01
-3.690427221368081101e-01
-7.123260115959373362e-01
-9.724062597961248278e-01
1.373409270005658267e-01
4.078162075793395625e-01
-5.152874432157243945e-01
-6.924815157332169235e-01
5.258351736968552848e-01
-5.461429295579722787e-01
4.035424818844253192e-01
-1.736389114212859297e-02
2.298922568094698415e-01
-6.357519511645099985e-01
-9.227134045235038107e-01
-2.891122243653280188e-01
5.246324768222707657e-01
3.176654827848809370e-01
4.641607186265653828e-01
1.595771784688326811e-01
-5.601526136328832672e-03
4.630601836274342853e-01
-5.861084720259626124e-01
3.627840087252909851e-01
-4.641027294175523732e-01
-2.343413401319330291e-01
-9.768564365855127996e-01
5.068598869916477456e-01
1.018621871563213377e-01
4.138485658689306651e-02
