2.693694849842572236e-01
2.112344624984364150e-01
-6.469595161249290793e-01
-1.812504933241445015e-01
-5.166115104697690530e-01
-2.802455451386093310e-01
-2.565921179117378603e-01
6.650025811260383557e-02
2.568721539212298621e-01
-3.959107383575862782e-01
-6.608514672541353496e-01
-2.117965975205586271e-01
-1.727388038924631414e-02
2.667323481900742976e-01
-1.118979611035020028e-01
-8.869943834030216689e-02
5.494618978790677399e-01
-7.874412283755152786e-02
-8.486166710275929725e-01
-6.699897918375550265e-01
3.765403824943098776e-01
-6.556364795572611204e-01
5.787568570152661351e-01
-2.716309230025162336e-01
-2.259379509010630560e-01
1.403408971633317640e-02
-4.032847232077182431e-01
-3.327623679643095800e-01
4.005830377013979149e-01
2.661985682248149132e-01
-6.090828725728184012e-02
-2.161819637083668977e-01
1.390478012218689940e-01
-1.823766918935788017e-01
-5.582086433983741991e-02
5.619391115240766066e-01
-3.059003361419611600e-01
2.417550162560950233e-01
2.199412057101977347e-01
-5.423785484137017693e-02
-6.723813982272260903e-01
1.657905199027801812e-01
1.105046772532207594e-01
3.663672399854770584e-02
-3.689378186120317871e-01
3.137204444920599355e-02
5.840509414612168881e-02
1.605700217688843245e-01
1.137683119688985695e-01
2.297612088463090452e-01
-6.645379163051271521e-01
-6.886215483092768264e-02
2.517832693977653524e-01
3.641130788602421620e-02
-4.077174561847517475e-01
1.878589306806538739e-01
-2.398920377844967755e-01
-1.479726959019107141e-02
7.584538672154207406e-01
-2.216598070727001102e-01
1.245905087129247357e-01
1.611632633880322463e-01
-9.718515129545604592e-02
-1.913290269789916787e-01
4.446484798982718034e-02
-3.571716733730151416e-01
-3.004337353179692416e-01
1.996652169652473052e-01
4.831182524797917877e-01
3.542002772194629001e-01
4.338211402074119705e-01
-4.358077378470344709e-01
2.815534333958250590e-01
8.083656473065142789e-02
2.634825547109721500e-01
3.245600908380980587e-01
5.145542910949432169e-01
9.730292996444905862e-02
-4.279200530530762880e-01
7.704128487227855926e-01
8.582733496749844759e-02
-4.027089070188746289e-01
4.543811550819827350e-01
2.919790432175182748e-01
-2.886224207318960344e-03
1.302105210524613088e-01
-2.371431881638941253e-01
6.355992280811098571e-02
-2.371846155707194037e-01
-8.125985920433247134e-02
2.414395579800788505e-01
-8.071691803481488570e-02
-6.954865221073148751e-01
-1.251947907515520431e-01
-3.406827764974412753e-02
5.518486200744552317e-01
-5.473213985383493796e-01
8.621360434401386108e-01
1.010235374131644992e-01
-1.187313820708546519e-02
9.455947470702126545e-02
-1.580363744042298513e-01
-2.913759188460479654e-01
1.147541983452612067e-02
9.937127521920319229e-02
1.963786647323323420e-01
-1.606257150439108217e-01
-1.953821759409237607e-02
-9.586021751041024636e-04
2.768524620809484360e-01
-1.790519423847099501e-01
-1.421364704638573839e-02
1.431457868569594727e-01
3.679483341248611650e-01
-5.096395905082926614e-01
4.385368500594132024e-02
-4.827938304740838626e-01
4.967156084730861565e-03
-2.306587418253995270e-01
-1.727939814651937023e-01
5.347181599968449106e-01
-4.800947292514871623e-01
-5.199856768764402060e-02
-4.080408879394771815e-01
-2.355093778641682012e-01
-1.659085161497325100e-01
-3.556337269372240595e-01
-3.280374037100033391e-01
-8.205961816661191399e-01
-2.960965645530385104e-01
-2.022031398946775860e-01
3.445294119427848578e-01
1.956808275360775728e-01
-2.718153444579508582e-01
3.991211686907251699e-01
3.138953684063490734e-01
8.186034896244964720e-01
-2.416423964139746694e-01
-3.929342108781484488e-01
-4.771928787239571035e-01
1.393467162694060624e-01
-3.316285567680526958e-01
5.378672569333940723e-02
4.015307345154023322e-01
-2.215134660978831660e-01
4.745174321642743331e-01
-1.230292013105987320e-02
-4.720444962235857966e-01
-6.367807203050493969e-01
2.348113831973058785e-02
5.436322038122796130e-01
-1.691756716361122459e-01
-2.828602064250488324e-01
-3.371777095727543361e-01
-6.541650605639989791e-02
9.305344072928313504e-02
4.069374861998054788e-02
1.609465719078577717e-01
4.475187326410505206e-01
3.483142375733325746e-01
-2.184483939544365760e-01
-2.663130511461625494e-01
1.307387293341897572e-01
6.213987586235670824e-01
-3.291455161933720674e-01
4.581514734573973735e-01
-6.131411711733537190e-02
4.640073896696071953e-01
-2.215859023625087465e-01
-5.163523712682498434e-01
1.430903342209927098e-01
-4.679360170909325212e-01
1.488771173320577179e-01
6.167347987012491983e-02
6.125162925935562219e-02
5.720509649509903927e-01
-6.810996015111472901e-02
-6.326472696660641049e-01
-4.013259480005998969e-01
6.022580763317888497e-01
-4.293103954466060967e-01
6.964283929771946102e-01
-1.416152317152965523e-01
1.279365798773417773e-01
3.758896985645245048e-02
1.021891359277350697e-02
6.268597022012440956e-01
2.187225229827951048e-03
7.028025566140162494e-01
-1.107462745764832834e-01
-4.651920107619547662e-01
3.512624941282734281e-01
4.916558269825208050e-02
2.746542558733886530e-01
-1.907556099987322423e-02
1.934011051287175542e-01
-1.389838758412418329e-01
2.747720467633628094e-01
3.551445834826031378e-01
-4.217184747202323836e-01
2.060356195582491168e-01
3.264631414587752106e-02
5.688136205575304583e-02
2.093867361120943793e-01
-1.544606630693552418e-01
-2.663277346591294004e-01
1.291153911360714557e-01
1.440410891318177067e-01
2.865078493007259253e-01
3.545529954096102720e-01
-6.795433627165421431e-01
1.854168808327227025e-01
-3.411638807671176776e-01
3.648029010414086670e-01
6.520662950517207568e-01
9.532588178446571581e-02
5.709689542331252143e-01
3.408941905392188776e-01
6.342246476761046470e-01
-2.789536971903504997e-02
2.456018690448246999e-01
4.841429099790933027e-02
1.532912844827731824e-01
-7.710893352172847048e-02
6.415297146694409758e-01
7.459197529853432707e-02
1.929579980698820085e-01
2.826530294353230000e-04
2.801091299325587647e-01
-7.576545282491305988e-01
-2.328579289794101975e-02
9.090688492930917852e-02
2.301688777151793541e-01
-1.869737478320599999e-01
3.983732625860525456e-02
5.465228376892328210e-02
1.143598886786233171e-01
-3.915199779342717346e-01
2.324914368008199617e-01
-4.458049685924346806e-01
1.952720089997130870e-01
-2.812041205241662123e-01
1.590910636745702100e-01
4.810844432526446002e-01
5.572240242718059511e-01
2.655476657312891287e-01
2.278221548813540165e-02
3.414578957686816019e-02
-2.499142625922541328e-01
-1.974578340607522908e-01
-1.372445046473108610e-01
2.668456750896285312e-01
6.619871557205321277e-01
-6.589146634506848343e-02
4.980554447932578066e-02
-3.712836699761921100e-01
-2.860713298985471109e-01
-5.103562092179854126e-01
-2.722702771848873465e-03
1.863521165804550017e-01
-2.705745922808769355e-01
4.240986488612042971e-01
-1.530409433195100977e-01
-3.136839255037055518e-01
1.346543983194629368e-01
5.821185199082649919e-02
