5.505780182014927693e-01
-2.522408810957923325e-02
-4.611302624490916102e-01
-4.455372972510116547e-01
-7.604913613823274798e-02
-8.802767907059034780e-01
6.169765391433286172e-01
-6.962202110824222689e-01
-3.388750085995138051e-01
-7.154754466194959139e-01
3.719951793168250198e-01
8.160133237001752082e-01
6.996454823132345346e-01
-7.458224368812382821e-01
2.107478810081379883e-03
4.826765204002360643e-01
-4.262846348031168464e-01
8.420976561044666298e-01
-5.791440730483665700e-01
-7.873963794887974821e-01
8.366057152940901132e-01
-7.367910869329447054e-01
-5.829952308102936964e-02
4.696462007499867530e-01
-3.366819437742858412e-01
6.660551656680400168e-01
4.928708698261830001e-01
3.182828179932396528e-01
-2.273968780935901046e-01
-1.221496598647204834e-01
-7.830093243872041642e-01
-4.966764535177747852e-01
-1.572874486578064723e-01
-6.436056433456658343e-01
1.095521969021868436e-01
-3.873593212083372705e-01
2.343372723786392164e-01
-4.353704892844242891e-01
6.543602793786337246e-01
-4.679366854968286527e-01
-4.349417922878922593e-01
2.744430558300058748e-02
-3.652227156553159437e-01
-4.355287063926448488e-01
-2.971076032165795855e-01
-4.008081149476429988e-02
-8.613788201762113683e-01
-7.928711364233821390e-01
3.216822461653841003e-01
5.954854185087323781e-01
-2.311927467531632585e-01
-2.078003370478509124e-03
9.131753098510646538e-01
4.901900735443474599e-01
2.450650954737283171e-01
3.519969109166054544e-01
-8.397628514715470560e-01
8.728116383771163944e-01
7.234437367918949979e-01
8.781145571605337707e-01
1.832927747216703263e-01
7.795125691335699214e-01
5.858646761751310494e-01
-1.730372505104822364e-02
3.118456821711363958e-01
5.293554069158877828e-01
2.507170623321823277e-01
-7.911083004383098194e-01
-8.016909977888077021e-01
-9.569725137346475619e-02
-1.949483720530747338e-02
7.613336919676263470e-01
-3.355883352141482145e-01
-7.529152631274412810e-01
-4.817023461674396212e-01
-2.181057748655928497e-01
7.823107337489583202e-01
3.246040913603267519e-01
6.616337799817549881e-01
8.847444047598786998e-01
2.785590435050124825e-01
-9.319529820253025232e-01
1.254376359034246879e-01
1.063528818292165112e-01
7.903863343922347129e-01
-4.157963133041666648e-01
6.309065868623647821e-02
-3.627592495299435948e-01
-7.976318289173793818e-01
-6.911601724864604446e-01
-4.933772298604357509e-01
6.131010263006702043e-01
-8.793482748602170496e-01
8.259809056062785704e-01
-4.355378978944375312e-01
-7.390619617383142881e-01
-7.600614507439698020e-01
3.894191970239262446e-01
-7.961324560890543633e-01
8.742227193622851278e-01
-7.237258751559547121e-03
-4.863854497161722579e-01
-2.365362706902247036e-01
1.853627887170192223e-01
-2.619099119330129399e-01
3.461020151471456141e-01
-7.117527137771353374e-01
4.663705797603067138e-01
-6.632775509585473461e-01
7.277410547664608931e-02
3.383917100150840573e-01
-1.367057583279521760e-01
-8.571255425687610563e-01
-6.195148113858370831e-01
4.370618222447053558e-01
4.169590766751288258e-01
7.986832592625701110e-01
8.222455657198968204e-01
8.215966416679919559e-01
-3.003015376185010354e-01
8.348272873047826170e-01
-6.842211098521062684e-01
-2.509159111522014651e-01
8.418649186031663956e-02
2.512867442464495338e-01
1.469594612794663802e-01
-9.240882131338589156e-01
5.972353928293682168e-01
-4.529134857857015639e-01
9.423977854527113007e-02
-3.076330571857144314e-01
-7.000611011277477758e-01
-9.638527831869232454e-01
3.085389533653423166e-01
6.965289670686748424e-01
3.395020070028291759e-01
3.835291094137887602e-01
6.969446229975925222e-01
-9.798796083342355967e-01
9.645110209168077098e-02
-5.158496383305225530e-01
-4.490821150779602533e-01
7.584672068509790144e-01
-2.114827283238377223e-02
2.614614012201882942e-01
-3.080799267119053164e-01
-5.635747967138547976e-01
-8.427042090782878025e-01
-4.839174579545414689e-02
-1.568270997914265052e-01
4.860440960258217702e-01
-4.051160244973277536e-01
-8.401883354172732243e-01
-3.975044240633741205e-02
3.014154695000899609e-01
3.226971700878454585e-02
-5.780682382199874292e-01
-3.358784477181098183e-01
1.808310559356747504e-02
5.617772437568724353e-01
1.976160863202476303e-01
5.410726245168515636e-01
-6.190765760137035834e-01
-6.039880696267162508e-01
1.120273861407710403e-01
8.300503417191600342e-01
-5.140219730093704698e-01
3.127000106800614798e-01
8.834114643150907664e-01
2.796712109816309466e-01
3.542842503900236473e-01
-5.817266042444388940e-01
-4.147794191062411651e-01
-8.795618616023986869e-01
-2.177835146229946672e-01
1.249224880450998110e-01
1.210061313199241040e-01
9.067890473843566168e-01
-1.278230547538300454e-01
-4.487486794700690923e-02
5.857854840838480071e-01
4.921524766620227198e-01
2.172143308560039454e-01
-8.843838228173357408e-01
8.450130640551585248e-01
3.588074385384579790e-01
-3.588694479507926749e-01
7.226102700594894124e-01
6.173102255846831810e-01
2.773063139390118392e-01
7.192461159599150555e-01
5.657138235269427717e-01
5.987510439737898649e-01
5.081327790426775071e-01
-6.611535306672894352e-01
2.379383644025681310e-01
-8.113419219006487992e-01
-5.582111350089620228e-01
-3.391374829190125784e-01
7.849739353017520793e-01
-2.765699623635656801e-01
2.377299505318372363e-01
-8.657261010574563986e-01
-8.805795421842754767e-01
-7.199232209324739618e-01
3.905642795460047001e-01
-7.978291046260124197e-01
1.224534443746160550e-01
-9.002780469157563026e-01
-4.421997111121553914e-01
-6.392222380449272268e-02
-4.706328052967000963e-01
7.162311644329899529e-01
1.902752295220503653e-01
7.052459141932673203e-01
-7.948848990423984517e-01
7.399718187618439247e-01
4.831316111680198921e-01
-2.265916701941991795e-01
1.211677021850593727e-01
-3.919742597960091945e-01
2.003760620218079935e-01
6.676527663542468627e-01
5.141443810589465396e-02
-5.190841378052671873e-01
-3.941573908586209485e-01
-1.137171631086080770e-01
4.110463001563610108e-01
-1.644820097574126727e-01
4.031524777491604095e-01
6.083472351090949207e-03
-1.851410384955147204e-01
-5.648845892513915112e-01
-3.107372209022324361e-01
-1.488469683885024764e-01
-4.962726695232103774e-02
7.417224750385791321e-01
1.123689583435167616e-01
1.666370772903804851e-02
1.438504564834001964e-01
-7.294043279681079461e-01
6.378961405682589403e-01
8.191969727114198907e-01
3.059032381240698317e-01
3.669689860767805234e-01
6.972358673574858834e-01
3.074611872534142032e-01
3.064986533861505658e-01
-8.848322319137247316e-02
6.670534409844938173e-01
-9.731839314701956276e-03
5.679133093489777823e-03
7.754263824683138573e-01
-6.736465950596589591e-01
8.821587817862079905e-01
3.613365412024873713e-01
-4.573798978865463438e-02
8.686323014558916533e-02
2.853457417228382198e-01
1.426265366611375110e-02
3.724860741502534767e-01
-4.484343495346380104e-01
-4.639215135253679789e-02
5.522962157360988833e-01
5.173828666914358498e-01
5.631866696809854911e-02
