5.325821443342613204e-01
-5.265829503749908103e-01
3.983250558921634377e-01
1.076860950511658588e-02
-4.780518866242056131e-01
-6.359012957932017596e-01
-1.454752284610097424e-01
8.310069761929818055e-01
-2.276706981799198060e-02
4.975195525516126760e-01
-1.788707350525151341e-01
-6.035236518403837014e-01
-4.632262728906093585e-01
-7.527876250783941403e-01
-4.673249782269386920e-01
-5.924741247956315515e-01
6.693542753660300937e-01
-4.205428221371190073e-02
-2.167528619333694007e-01
8.616632262234973361e-01
-6.794581994630889410e-01
-7.612775241220480771e-01
-3.174826741174550104e-01
1.853241232394636229e-01
-8.619342638344557050e-01
3.826295102150336636e-01
-2.589220187237497584e-01
-5.909259279523969566e-01
7.778864081800158647e-01
-1.778501125217329948e-01
6.884872357529696618e-01
5.770338807106757395e-01
-6.539917464787969870e-01
5.079542980870459523e-01
5.748924629739572412e-01
-5.995031627767057891e-01
-4.045976648395893105e-01
6.091803107369141435e-01
-7.971658416797799962e-01
4.562575095354253207e-01
-2.344963130686539277e-02
7.813080632680956261e-02
-1.380470215068537454e-01
-6.297086838739680559e-01
-8.189944869158093388e-01
3.217513501092308381e-01
3.315803689672018328e-01
6.509323361648271522e-01
-4.369420389341621136e-01
-1.600717745998716246e-01
5.795481309856718166e-01
8.572200711987656985e-02
6.698872720527115909e-01
8.095244108847594600e-01
-2.150644397976913258e-01
4.957228869101811819e-01
3.621358326842153558e-02
2.756966980580275450e-01
3.412009336941438375e-01
-4.463672779020629866e-01
5.752062707088571036e-01
5.553016232059162505e-01
1.481434455998286055e-02
8.151941587639157660e-01
-2.232349652478466950e-01
-4.465802571308883362e-01
4.576052794779881250e-01
-7.400971297815264194e-01
6.376682263153184982e-01
6.796926043131432671e-01
9.728622216748464835e-01
5.045068411273342934e-02
6.556125011364787314e-01
5.283714619471642227e-01
-4.523620583431904874e-01
-7.484270023602725974e-01
-8.684379204271801544e-01
-1.958190290914538223e-01
-8.041731532342832889e-01
-1.534175182968969264e-01
1.705457087025020746e-01
-8.416656800755758505e-01
4.746885627210047920e-01
3.366949437185349225e-01
5.035653278272630290e-02
2.805282105179844332e-01
6.375208129777341082e-01
3.578337801731801965e-02
-2.245559701557489352e-01
-4.407343473783589261e-01
6.582710560087011442e-02
-3.090867003010673297e-01
-3.797730912783793822e-01
-6.367552560436688935e-01
1.235355813696260574e-01
-4.478493105826483189e-01
7.650027749107043973e-02
3.078486292120002910e-02
7.630759422315858131e-01
7.301581576519738936e-01
3.323631495939791680e-01
-5.739800172032385461e-01
1.351992158887145024e-01
7.329976927562388278e-01
-2.817174933276271956e-02
-7.122931097349793905e-01
-9.382925132219669395e-01
6.758081530025729089e-01
-6.980952016797213888e-01
-4.140069474412519934e-01
8.254966788612648765e-01
-5.709584684373452124e-01
-6.954535402629045127e-01
8.489507583624749110e-01
6.015722145348487704e-01
-2.214899438200502446e-01
2.384187815787401285e-02
2.325837693349421531e-01
2.991494702018093199e-01
-1.540905200983712364e-01
-7.434264327723526522e-01
-1.016455749219040139e-01
8.908029068341177803e-02
-4.838542267473122660e-01
-6.302155476877270290e-01
-6.266593623362275434e-01
-1.830799455217774763e-01
-6.328916221051822388e-01
-5.591369395055700853e-01
6.039072404900901470e-01
5.843064207887956885e-01
-6.620842922563281441e-01
-5.532073355559672390e-01
7.580719091160714740e-01
2.523612807791694029e-02
-2.798295242043303821e-01
-6.172844779283285233e-01
3.937494204244619267e-01
-2.919255364504423911e-01
-1.951579815553229347e-01
-6.392814134080049282e-01
6.990521646187282112e-01
-5.794679394360764402e-01
1.041510778792420766e-01
-7.655016074918170599e-01
-2.683610409849638279e-01
8.065834640664710786e-01
7.943627468348843923e-01
1.735044872106778491e-01
-6.640897508698940799e-01
-2.977973480252177341e-01
8.604497985867918253e-01
9.792289972500653472e-02
-5.043267609249777461e-01
-6.337978701964922523e-01
-4.999616452085822171e-01
1.459818198768705610e-01
-5.707057482309552121e-01
-9.021221006912617801e-02
-1.073036073023438675e-01
-3.291281526906889021e-01
3.292816975358076916e-03
-8.020278909520240918e-01
2.625749624673686666e-01
-3.527606119920402294e-01
-4.944057523000302545e-01
2.846862972068566200e-01
5.413451926543628723e-01
-6.478746596098993171e-01
3.480043540544581204e-01
-2.012467041508533283e-01
1.518096462214318376e-01
3.153959685775771238e-01
-2.711750886066703892e-01
-6.200382410432343505e-01
3.737939590542623813e-01
-1.592706209936059492e-01
-5.735189497671067116e-01
-7.015573020455700970e-01
-8.199800550724706261e-01
-3.241309757832736560e-01
1.927327380821026448e-01
-3.339372849743372784e-01
3.334068424712237078e-01
3.797257287084017663e-01
6.569592630017702106e-01
-1.708880452173970957e-02
5.159206067186121736e-01
-1.884228246634053472e-01
7.023895624442380026e-01
-6.922994367220267620e-01
4.082418217357167700e-01
-7.520210975819849875e-01
-3.655426784521844108e-01
-6.307727245338162758e-01
2.330822713093681497e-01
-2.906940984900341363e-01
7.400778739393840677e-01
-7.119644362849331110e-01
-5.975274200475005903e-01
-9.241927814336396985e-01
-7.456470674258900422e-01
1.889859410062071643e-01
8.264428139207857793e-01
2.176344756094821253e-01
3.323852922029056356e-01
5.636277531397136664e-02
2.577882597213441707e-01
-2.615365904683318865e-01
-7.437647841565826479e-01
-3.165708698470636184e-01
-8.092387729140506636e-01
5.995006988177020713e-01
8.792727803096546113e-01
2.091072771692926713e-01
-2.568646497660511119e-01
-3.791459884164713467e-02
2.216107277931667341e-01
2.756380753582487464e-01
5.673453880928628346e-01
4.612020677780688804e-01
-8.384106521244945043e-01
-4.201397613125334995e-01
8.821778847110079980e-01
-4.572463539433936353e-01
-2.158594740477071394e-01
-1.238509451009157658e-01
4.383470328406517402e-01
2.599823022891626367e-01
-3.780893096508095574e-01
-1.017723869462802688e-01
8.665834683805956340e-01
6.204158846392697768e-01
1.954639139803535097e-01
2.936712924513682488e-01
1.234054797651770591e-01
1.506692222985236973e-01
-3.706621451223554575e-01
-3.789173517939763425e-01
2.188211392407161671e-01
-4.968648481879529566e-01
-1.452488186881628618e-01
4.636151964593344110e-01
-4.814471150631906005e-01
1.267694628043826433e-02
5.364134409221330557e-01
8.134146813053412250e-01
-6.668201101092813277e-01
1.541851221490387891e-01
-5.005284011446582415e-01
-1.529820086887481723e-01
7.207654374408062337e-01
5.189830564379145639e-02
1.572866471095292207e-01
-7.353399713861642484e-01
-5.206173339264176247e-01
7.560876761153898507e-01
8.694899406986676960e-01
-7.504212485035843816e-01
-1.665133233773789245e-01
7.609745886828651606e-01
4.925682822922358151e-01
-6.398615147422550553e-01
-2.024339868632687167e-01
-4.908972418620214384e-01
-2.150557251340699805e-02
