8.826673592369891352e-01
1.101485224271915864e-01
-9.591815301399264637e-01
-2.440442701703355033e-01
6.178645793477990367e-01
8.744280476978310013e-01
-2.183221677953137707e-01
2.546240245893482412e-01
-1.240900522182219745e-01
-8.112273374576329799e-01
-2.135828745271037277e-01
-7.132988795829626749e-01
-1.121147981284269096e-01
-6.248991321971215651e-01
-2.307414715645072778e-01
3.862215564110834665e-01
-4.440959816185475750e-01
-2.757388665006815232e-01
8.945480681932893585e-01
-2.219382386526674855e-01
3.607852857212562325e-02
9.551521081282984132e-03
9.215584228919291299e-01
2.863023184041336711e-01
3.814408216199783319e-01
9.848178633822715078e-01
-9.350051209761320870e-01
-1.931764166436623631e-01
3.046994837508855136e-01
-7.111012680180264223e-01
-4.733069771596513098e-01
9.194052313682751221e-01
6.259951106611794103e-02
7.706379912792344911e-01
-6.991736454472007312e-01
-8.809974354099885385e-01
3.372209829975182926e-01
5.850158684896780148e-01
8.744413705853335550e-01
4.282236845535959402e-01
-7.505604965871761625e-01
6.535448729295746384e-01
8.505741822999919599e-02
5.783726929369883418e-01
-3.799098090224657387e-01
4.549576951218132770e-01
-3.743708618135170307e-01
-5.813815870064781982e-02
4.457164790146282973e-01
6.055269912833218804e-01
-7.773142505566913441e-01
-9.439642321113964618e-01
7.647416654178020856e-01
-1.985098319354116625e-01
-6.055743723040816207e-01
5.498892532012477075e-01
7.259333271944319321e-01
-9.587903552649942318e-01
-6.717153807593407855e-01
7.112854597667591650e-01
5.410664987398475234e-02
7.627356373479172724e-01
-1.914352270608722928e-01
-2.236643040928749104e-01
-2.064544583845414130e-02
-1.814702159578054919e-01
-7.233282593472858402e-01
-4.950702081519128828e-01
9.698453910933790834e-01
7.227658157434759811e-01
-2.328149085079553038e-01
7.840803490022667521e-01
-9.555734871890966264e-01
-4.505416337140435296e-03
-2.814564149133687021e-01
-7.314300789214717158e-01
2.876391687357987559e-01
3.067076130458203931e-01
-8.490062419425516982e-01
-7.266907986661501617e-01
-8.645955151839024300e-01
2.394272668109775071e-01
7.995054598286437386e-01
-3.739098341023001093e-01
-1.920925305820085915e-01
-1.793089129134518567e-01
-8.643392287248697903e-01
-6.504766149753672400e-01
3.565250538537776959e-01
-6.424192142710719033e-02
6.617803169777249916e-01
-2.612533783534045084e-01
-4.272760349567188420e-01
3.712600056489647748e-01
4.858458715227270686e-01
8.078927439056031723e-01
-8.485735811684205210e-01
9.798713424629750257e-01
-4.966276734641911217e-01
-9.504185691004394254e-01
-3.409380616452989954e-01
-6.650459072740304567e-01
9.493277616779653982e-01
2.447905511248871513e-01
5.853254504998712804e-01
-5.100431253529238429e-01
5.980852497738313733e-01
9.631628321246926694e-01
7.257403716664192483e-01
-6.265392037304212680e-01
-4.560093125598827513e-01
5.609436163808715348e-01
1.283009757318539501e-01
9.626754865738880174e-01
1.788785724565623847e-02
-8.202439787296387230e-01
7.159538118599577672e-01
-8.731343064579003554e-01
1.944258852084864153e-01
-5.584879728618590278e-01
-3.807518189768133166e-01
-7.439664131926591040e-01
-3.032173679359451701e-01
-9.843399750767217737e-01
7.441850397986813359e-01
-4.914068750031051758e-02
-6.556504523618753577e-01
-9.383361887538202994e-01
-2.292993466410630232e-01
6.538056763540367466e-01
-9.480013826093918183e-01
-5.158113131840089682e-01
3.206800508227550806e-01
-3.237739784522561393e-01
-3.144900184874314941e-02
2.296701014302260369e-01
8.186193896222476729e-01
8.588268966346143118e-01
-2.468881850951955004e-01
8.106625231610748994e-01
3.803736724368965705e-01
-4.705666355203531048e-01
6.350618868208961487e-01
2.594992412017836925e-01
-8.390225093663548073e-01
9.238284393406530626e-01
2.878003182457276599e-01
8.415165167023427317e-01
9.008990261026458279e-01
-9.081357911245471204e-01
-9.942605708563727607e-01
3.944324854311727080e-01
3.685154279103142194e-01
3.726889160511532295e-01
9.744081890920355260e-01
4.626342485642275237e-01
-3.964148983220634470e-01
1.244987686876192212e-01
5.659328379496215700e-01
4.008534916680605575e-01
-2.559488586147588562e-01
-2.850950617354433558e-01
-6.972830611635857934e-02
5.712616910624011002e-01
6.177054664913185222e-01
8.761294769203611388e-01
6.152191637679098601e-01
1.600982013061439183e-02
-8.927433816522528653e-01
6.122829228715964689e-01
-3.871901914826365032e-01
6.318759877689188453e-01
-4.017451571533025012e-01
7.051270422092706380e-02
-3.587538945536621338e-01
-8.364020213087012268e-01
-5.877310609926593710e-01
6.588889981576043775e-01
-5.839275095833209583e-01
6.126611128336660883e-01
-2.278265490405253502e-01
4.158011674549111358e-01
7.094473773243012982e-01
2.496992114744980146e-02
-4.045464874952862111e-01
9.341566559278636772e-01
-8.607659912998806284e-01
6.082624763989417094e-01
-5.010564588533659158e-01
8.799509025205892732e-02
9.786953695438419532e-01
-6.262081331183206867e-01
9.191345354339738316e-01
-3.542835815440127378e-01
-7.935719029803540714e-01
8.447729540889397093e-01
-5.742821510171585153e-01
2.896387640510056372e-01
-1.337265845244299811e-01
-8.255914550259133566e-01
-9.106925890596317963e-02
-4.476726575269669439e-01
-4.461700264329584303e-02
6.820100060239658868e-01
-3.438096957988653335e-01
-5.300231559954762250e-01
-3.155425693112480778e-01
-6.431265525430327479e-01
1.266461380980939411e-01
7.017541169564790460e-01
-6.264916084256960671e-01
-4.732610048124435975e-01
-5.430787366314102083e-02
-1.602747460029446680e-01
1.700111032020370228e-01
1.852536368429815450e-01
-3.014212441615512494e-01
9.678222156199266513e-01
7.115219930877620946e-01
8.238172701353105865e-01
8.320426990125757705e-01
5.768004077416700737e-01
-6.372087152923073816e-01
-4.324040289861124653e-01
6.044531579199539234e-02
2.158136344089790215e-01
-5.928910473512891688e-01
-2.449702205094418384e-01
6.267540837905204443e-01
1.583884867366739391e-01
-9.457767768740602543e-01
5.967039904333159006e-01
1.277002051656773163e-01
2.774249166315675974e-01
6.837178419474017055e-01
7.041094517490582572e-01
-3.566426394288617630e-01
-7.496516188731352504e-01
-9.345190565112991843e-01
-3.199950468164157735e-01
-3.412992139816853343e-01
1.858897604223720412e-01
7.427112102658270931e-01
6.714062003743840323e-01
7.647293475496428350e-01
-6.673601274564853192e-01
2.269027600543259415e-02
6.053674470655679984e-01
7.369250638971487355e-01
3.366258286506509378e-01
9.128614255973789282e-01
3.062572104442052856e-01
-5.832438084272464351e-01
5.967022172990352896e-02
6.380760846281758880e-01
-7.700062435369585678e-01
7.016796148230525221e-01
6.963625302082281365e-01
-7.305735622009410513e-01
-6.638096034773885989e-01
-7.080162220144323726e-01
5.252765156803405056e-01
3.888771059012475773e-01
7.203232041013262199e-01
1.848130099743185983e-01
5.871892409005353107e-03
