3.638359768039294284e-01
2.322657574090790378e-01
1.125422968665217294e-01
5.568561889301690826e-01
9.311423064484425360e-02
-2.428469545660887352e-01
4.583047355210454477e-01
-8.569900195249002817e-01
3.470188135252190165e-01
-8.050461929634341596e-01
8.956127095046895192e-02
-7.819855966407394110e-01
-6.850858699813002772e-01
5.787638845715264990e-01
-9.964849294406441516e-03
2.627324987182604321e-01
-6.337687200152849476e-01
8.711135765928958996e-01
3.054615677683431563e-01
3.637715220429174057e-01
-1.835621289477267215e-01
-7.519883955434897294e-01
-6.183179734283692497e-01
-4.905915832268687993e-01
4.888343961816642991e-01
-9.496819652504537856e-01
-4.116259109242572656e-01
4.543762581341914131e-01
-7.051878334054586528e-01
5.576185444614347730e-01
3.322924896528478000e-01
8.859657688841107159e-01
7.802582117351253288e-01
-9.618453645577225153e-01
-8.432213706708997503e-01
-3.108440997075661572e-01
1.222386547237852561e-02
-7.147235195596204349e-01
-1.475500327541177104e-01
3.361162017398457991e-01
4.445643102023240090e-01
4.518921438251017886e-01
-8.997606298243137068e-01
-5.497625318507419756e-01
-5.058428189945176623e-01
9.437345617608585702e-01
1.686520068640837700e-01
7.254797504235006578e-01
2.309884946582665410e-01
-5.252529713457220195e-01
3.058804742390204279e-01
-2.094016357798029748e-01
-9.160355225456040529e-02
-1.519872945973650413e-01
4.046771468171780906e-01
3.597257171382140517e-01
-2.909948587443371704e-01
6.732876432911161224e-01
-9.595638435709481495e-01
8.913998228185102679e-01
-8.328342700095718865e-01
-2.406162117248638044e-01
9.271325706492281604e-01
7.696633951444232791e-01
2.677827677732445011e-01
5.562843468508331668e-01
-2.381086250515127567e-01
-2.976208963472748437e-01
1.429683924848403898e-01
-8.558154982491461560e-01
5.281738945956475639e-01
-3.547678866729842007e-02
-9.134864682084464782e-01
6.896254686225677943e-02
8.843845943030041734e-02
-1.000000000000000000e+00
-7.328104549139715651e-01
3.820076987322162942e-01
-4.832226514522011129e-01
9.005163988854796298e-01
-5.227601539008137621e-01
7.682160214225728367e-01
4.852097684141132294e-01
-5.136593012385426427e-02
6.540729274117351721e-02
2.165627585948377010e-01
9.989800825683494701e-01
4.918483008291787417e-01
-8.538390111779603497e-01
3.958604675508601844e-01
-2.032682307783524323e-01
7.958759519677662819e-01
-1.409835625241482315e-01
4.122871514725638953e-01
2.957068213504410181e-02
6.062023357222314779e-01
-3.251633473367623317e-01
-4.803482729643608617e-02
-6.210712628727832474e-01
-5.542262375919724260e-01
6.196147607742197305e-01
-5.149513160800696099e-01
8.246085688764765997e-01
-7.971634348028773243e-01
-1.411840781181112892e-01
-1.326689254915411620e-01
6.108546491976185600e-01
-9.724304094384748076e-01
6.779706490522592333e-01
-6.333247409977962317e-01
-6.582658620336532262e-01
5.818785018326924074e-01
3.285042222691552105e-01
7.424452959275025243e-01
6.454602221691091435e-01
3.374251060371209476e-01
-3.157155191986613652e-01
4.608561326026271998e-01
-1.473572640630649855e-01
9.327053646556098254e-01
-4.172027519472143453e-02
6.950492407931760930e-01
-8.744550971556379615e-01
9.588892112938365297e-01
-4.452782040794818208e-01
-4.027787106110003457e-01
7.612074554663954551e-01
-4.988948281495171333e-01
3.004149404584969263e-01
-9.468067952661514131e-01
-8.215959418297587025e-01
8.605916946946698953e-01
9.614754492719979062e-01
9.590959383280037720e-01
-8.935634895063577776e-01
-4.660918334512296202e-01
7.603576605694775115e-01
-8.895065801793269333e-01
-4.436604303549922523e-01
-8.338858949403669119e-01
8.588691018956042811e-01
6.284751182449754836e-01
4.023908122877387639e-01
-1.290063858513346151e-01
7.894614645433950528e-02
-2.865370466986869591e-01
-8.003121702841116125e-01
-2.212465684781757813e-01
-9.508654359173569492e-01
-7.829805350885685744e-01
7.472384538307983437e-01
3.524020482673784205e-01
7.340485836065016034e-01
8.700428901784044156e-01
-1.085245994138497316e-01
-3.834917031102751395e-01
3.659428961789141788e-01
-7.477649032737723189e-01
-4.812251796759838829e-01
-6.740373865262501152e-01
-3.451935322007531060e-01
-6.156499826943573339e-02
-4.425228178791540401e-01
6.482558064737430348e-01
-1.460726442606645747e-01
-3.547437443150724956e-01
3.604368988565889165e-01
-4.803915121558341994e-01
8.972743108726328742e-01
5.135269862622525716e-01
8.750537878608083409e-01
-4.076750399875048725e-01
4.365587582821619517e-01
-7.598226542186847787e-02
-3.940075433909222546e-01
7.616403294035892224e-02
-5.840006697039992201e-01
-4.636847590804091812e-01
-7.246432756222740412e-01
9.616378394997455725e-01
1.000000000000000000e+00
9.466070248906759410e-01
-9.835860666092188787e-01
-9.146574136726091098e-01
-1.959239891970336600e-01
-6.709898392701507674e-02
9.527807311268536861e-01
3.073618307948011719e-01
2.509561125139772586e-01
-7.761439343839822147e-01
7.496326147481808810e-01
-8.174925670488890628e-01
-6.632773134399064796e-01
6.493826786107288473e-01
2.241829764838277339e-01
-1.146318409288785423e-01
-2.763123508355685432e-01
-5.654481762355223484e-01
7.860091761314991210e-01
8.442890843742824336e-02
-1.000000000000000000e+00
7.240666275488690795e-01
9.280601344608594427e-01
2.969143406443037758e-01
8.621481335484080244e-01
-2.606120933571289822e-01
-1.059869602446954495e-01
-6.015337716969252346e-01
8.246030285503433976e-01
4.942968704836827598e-01
5.578784127125158143e-02
-1.012545333742300713e-01
6.327245232552656251e-01
3.416074532608992520e-01
-9.603875347096151316e-01
-8.051744113171401818e-01
7.781423889824428120e-01
6.124401883063061991e-01
5.101176095515431719e-01
8.797219439596286605e-01
-4.653072308647185906e-01
-2.798544443786896707e-01
1.256310042634857238e-01
7.749538740504187118e-01
-3.978659477386381482e-02
-6.151437697045865072e-01
-3.809627319399266909e-01
-3.308693149606241057e-01
1.410229085259808723e-01
-5.647862418950913010e-01
-2.642601408917379935e-01
1.682697551592325647e-01
1.325579687565276756e-02
3.744173386590625707e-01
9.473755304734565730e-02
1.000000000000000000e+00
-3.470437022389292192e-01
-8.638678326770794502e-01
-5.769564902133776929e-01
1.942547726307188860e-01
9.989866077178077841e-01
6.237136463331749425e-01
-3.856684644485355307e-01
4.994868949499793320e-01
7.547099066025666492e-01
5.849132991475617382e-01
3.252975663902346604e-02
-4.197496303263478223e-01
-9.722809354691164252e-01
-6.659673236958463249e-01
3.419771643509308401e-01
-1.770238124573526861e-01
-5.268813601333481866e-01
-7.255507988897158533e-01
4.691969633468848766e-01
7.044643257404139547e-01
8.361097841875027026e-01
6.140943152988529441e-01
7.981199473027664748e-01
5.497932534927323367e-01
1.620146827982136273e-01
-8.749131376395233861e-01
-7.212303219733309234e-01
6.661127548634231399e-01
-7.136507413659455568e-02
5.000000000000000278e-02
