5.359782939671134949e-01
1.342012657618842919e-01
8.915415775048168845e-01
-5.776698465240062141e-01
9.283308166147445917e-01
5.448405788865611221e-01
-1.117472726002928657e-01
6.322591493917284478e-01
-4.859875564510265367e-01
6.269563014248220600e-01
-5.747489521364208542e-01
-2.638445652149098430e-01
-6.585007239110007848e-01
4.313816775201280151e-01
-3.126196469894477192e-01
-9.903025090665653618e-01
-9.267260801907590828e-01
3.621575798706321292e-01
-5.823099326490788208e-01
-6.769805236412790306e-01
1.703325353174074408e-01
5.456749634302779928e-01
-8.675029728577938748e-01
2.441384005987738415e-01
6.249398240856396392e-02
-4.869431853484879613e-01
7.705871142012306052e-01
5.706777466728227832e-01
-3.123079017353267428e-01
-3.317129832530691935e-01
-2.829629863778806431e-01
-2.288396913439709746e-01
1.710279042133580063e-01
-6.516342448025467249e-01
-7.498479389305845455e-01
8.647297697236058234e-01
-1.625501627403352356e-01
-9.689804545150920712e-01
5.559234230323334414e-01
5.597592513125038138e-02
-9.244638216323939339e-01
-9.613941068075169127e-01
-9.799166642440493291e-02
6.495040108447387439e-01
-8.755281581539515745e-01
-3.534644791653782647e-01
-2.176866548955554426e-01
-6.388052346528239056e-02
4.206749819025725756e-01
-9.170861715372986556e-01
3.892519039016497651e-01
-4.306042413850255102e-01
8.587908207911092440e-01
6.838455856760627949e-01
9.093406371391912213e-01
-4.604063645135878513e-01
7.670760045780613545e-01
8.704175113392236263e-01
-3.799697549558606613e-01
-7.072208663752510560e-01
-1.753318359822619854e-03
-5.399495370603746291e-01
6.985785581367029984e-01
4.401219258652728783e-01
-3.710923468529399027e-01
4.745218506938112535e-01
-7.537498639406452483e-01
-7.510780823711185050e-01
4.406056243378168591e-01
7.078043783173468828e-01
4.695179967376949537e-01
3.077356669940912171e-01
2.793892730828131388e-01
5.934992253134352413e-01
-8.943658882797919096e-01
-5.821229460155807889e-01
8.618179476997123167e-02
2.738518943306311737e-01
6.362650063133239442e-01
-7.024063429544379344e-01
8.457641518444887208e-01
-1.008855657140028672e-01
2.591402316121764748e-01
7.402528671197515786e-01
-4.474034522668537406e-01
2.161780099838366276e-01
6.913771801479162704e-01
-1.109743542331385058e-01
4.054928172926295371e-01
2.103677162463404304e-01
4.018352061748611259e-01
-1.915978787064175903e-01
2.016162199305151503e-01
-4.294330354783137960e-01
-4.845790017486602541e-01
1.742377047582952532e-01
5.969662581719566985e-01
5.521839170990642254e-01
2.720801630684805406e-01
-4.623301675670574706e-01
1.476197050479354997e-02
2.985787552683502044e-01
-4.064049186801670932e-01
3.264475841141696311e-01
-1.661020648999749216e-01
-4.205237642989437252e-01
-3.568508192173017179e-02
-5.896054135243746774e-01
7.724196635124336296e-01
6.941031342785103364e-01
-2.899622549165117857e-02
-2.544651100542834055e-01
9.520889475311320460e-01
3.510846168140082657e-01
1.000000000000000000e+00
-3.235932454958110327e-01
8.224694845372662044e-01
-8.639090819498881357e-01
1.782944978396308611e-01
-3.850217568438016880e-01
-2.725328306028761416e-01
9.296206340898677256e-01
-7.908110399092500575e-01
-6.085867219126528394e-01
-3.664182869838810558e-02
-3.319986354969846620e-01
2.294366909528744169e-01
-6.797129067786343848e-01
9.287307664473520852e-02
-9.008296836264333418e-01
-6.227991915218110686e-01
6.957404030126820293e-01
5.415239903165294244e-01
-6.692797479438354902e-01
-9.227306720961692132e-01
-1.865452350378433433e-01
9.168941584381105070e-01
-7.684380467222137190e-01
7.210609005134547278e-01
-4.555998512234027409e-01
4.341020856946689599e-01
4.769117570353551550e-01
-1.331134323551316778e-01
2.721824855772841945e-01
9.761124219316518191e-01
7.243395142237787354e-01
4.248554867952822889e-01
3.758727889013979695e-01
-7.451289191103102616e-02
7.588541939191337793e-01
-4.882304362315420532e-02
-2.496006108744779350e-01
6.318242053731315533e-01
-1.679471669284007818e-02
9.676777915748231429e-01
-2.567734143876906350e-01
-4.487836705055050501e-01
4.279486961951977642e-01
3.466897637595648396e-01
5.455397057564325136e-01
-1.365761668807998763e-01
-5.496045026826374968e-01
5.908977950468411455e-01
-3.996514448594798985e-01
-5.676534155209577159e-01
8.470482888470580729e-01
-9.678636586432849409e-01
-1.915344614973745196e-01
-4.413711421301959592e-01
4.181182640217184776e-02
6.353731545000893544e-01
-4.863831011075390176e-01
-1.944565924956442871e-01
-1.000000000000000000e+00
2.853388683855008490e-02
5.567124401204752715e-01
2.017323293297526576e-01
-3.644232064321234477e-01
-5.182232497894730949e-01
4.946406023222369441e-01
8.802931124588737610e-01
-1.601596125802369208e-01
8.967338224533749624e-01
1.211129630343217300e-01
-1.101148181086240713e-01
-3.325712773785512999e-01
4.319309549773138190e-01
-1.894570407496092290e-01
-6.955750843492968238e-01
1.704773695519430365e-01
-2.725575334363768976e-01
8.233033713481117122e-01
-8.180252739482316571e-01
-8.885540437842918138e-01
3.575117814316980391e-01
-1.825964330560314597e-01
-3.958072603541742396e-01
-2.542074467638564261e-01
-8.932465911979381445e-03
2.351391509670579527e-01
1.123573721552229010e-01
-3.996678304709843643e-01
-1.356189039972214849e-01
-4.576658405940390306e-01
-4.957052308310196942e-01
5.451907824860603435e-01
-9.056769844352947629e-01
-2.335684681785321626e-01
3.738250384581671693e-01
-5.690328091488239259e-02
-3.877917993566341592e-01
7.035085873379489652e-01
3.040995406254352607e-01
3.417275684506348998e-01
4.375546520174142806e-01
-2.279413281166844385e-01
3.429337735147119925e-01
2.492208557024950810e-01
-4.964683984068891665e-01
-3.083365109759478306e-01
9.175302835670940960e-01
5.587977742642852297e-01
-8.848689997786387540e-01
1.478413414026618078e-01
9.629126218932524406e-01
1.009564912037195228e-01
3.313706853523687990e-01
1.809487547725886214e-01
7.484350123649434749e-01
8.776097449522958227e-01
2.123244744654775307e-01
-8.771199651394523400e-01
-9.296384954687400004e-01
-3.399820783138350344e-01
-6.531722519664763249e-01
-5.819335177925072378e-01
9.245697346922314708e-01
5.922432367663581915e-02
-2.590946576730662754e-02
-7.544541855764910210e-01
-6.686496252901106274e-01
-4.835891955833195865e-01
7.705734576149262383e-01
3.118507440597646507e-01
8.553928849386489563e-01
-8.411078861814109686e-01
9.648806789036609155e-01
4.728441875113494897e-01
4.803149456373673187e-01
1.140718927197647004e-01
9.689145428226353385e-01
-6.016521450079300726e-01
-1.326728927374953848e-02
4.867253171040982207e-01
-8.905560929591618269e-01
-2.862002624077048529e-01
3.124505723195969420e-01
-9.243891569432567401e-01
3.364885132007611190e-03
-9.356878835812665329e-02
7.630878813535391103e-02
7.355767186191513041e-01
-9.870494308111456283e-02
3.800291552248543092e-01
7.323721123665034582e-01
5.000000000000000278e-02
