-4.560782733013721835e-01
2.215531747815813191e-02
1.597151273192235627e-02
-7.177189221520196005e-01
-5.299870475649806068e-01
4.092592523111797664e-01
-5.747209682214210469e-01
-6.260356415083188214e-03
7.994844610853375499e-01
2.798498965420329609e-01
-3.155248929961720211e-02
-3.015295621207050303e-01
2.489852352873703767e-01
-3.713111817895933253e-01
2.561075382022723890e-01
-3.306942904094696822e-01
5.361279290387747087e-01
6.411190608764840704e-01
9.903630831717394334e-02
-5.511857626669096621e-01
-1.941462475409182209e-01
4.215188973529946370e-01
4.832747858821021536e-01
-2.286499024773316346e-01
4.090022002933589862e-01
8.879250650875687434e-01
7.029991381588024391e-02
6.458858480205069419e-02
7.812300936594734901e-01
-1.704467355476560475e-01
-2.420041360615373532e-02
1.349997797277435463e-01
-5.659738877634024057e-01
6.711391113238827089e-01
2.492690563616429822e-01
2.453322419344468874e-01
-2.973757224091196916e-01
-5.501857836543166957e-01
1.135698518105130866e-01
7.764357585757988289e-01
4.952429950587020069e-01
2.852884850969522601e-01
4.816343003488087193e-01
6.843791240068854975e-01
7.071043674597368156e-01
-8.251873131730769195e-01
2.968843203026930166e-01
3.083590082595965010e-01
-6.368064961019692660e-01
-4.284454873477536729e-01
8.053876666445761723e-01
-7.620873602149774717e-01
-6.702004808725194884e-01
3.837124842201263819e-01
-1.658051557883897797e-01
1.957637686965955914e-01
6.697515154988122887e-01
6.902184693683843797e-02
7.454159201148593539e-01
-6.028938971908829325e-01
-5.374343318860607122e-01
-5.336102798120738733e-01
-6.242366240386234555e-01
-6.908981132428932970e-01
-4.708637881091597144e-02
7.214283813450430571e-01
2.620200729384343230e-01
9.218811800162662884e-01
-6.615734746490489204e-01
4.805551905822947889e-01
8.783002258240996118e-01
3.402458491748040492e-01
-2.825881631953018613e-02
-3.932271437065507635e-01
-6.398382409856399056e-01
5.406904403404170362e-02
6.028629616442805483e-01
6.140163979860479015e-01
6.093938806391543395e-01
4.273220151815230183e-01
-4.426577593409924266e-02
-6.523124866683087664e-01
6.345500221041264766e-01
3.293918308986710786e-01
3.290046436838770516e-01
-8.158238318885768781e-02
5.056477038755297082e-02
-2.224218418024511423e-01
6.583370530607702831e-01
4.163936625544447656e-01
-6.714192373797850388e-01
2.009380906607626249e-01
-7.179053793851990495e-01
-8.281202042549469233e-01
7.102459496153843421e-01
5.803972234808003616e-01
6.129487677132595264e-02
4.975881718111239138e-01
1.340888962873480472e-01
-4.614776274570008829e-01
5.582193344465553597e-01
-2.419959252249921644e-04
5.285201853987923082e-01
2.155595991778292975e-01
2.538041215750245216e-01
9.501939034699153908e-01
1.606958228015368251e-01
4.394633300485156213e-01
-3.100788128325072668e-01
5.963644155557595167e-02
4.931884224153941787e-01
-4.738710635467037191e-01
4.866169254118790644e-01
1.654747111768210543e-01
6.478464605957019451e-01
3.093604927452110465e-01
-1.241844744899805175e-01
3.310106264606445248e-02
5.231006629829165755e-01
-6.377544781325266143e-01
1.028974408643073685e-01
-6.512229006982237500e-01
9.300282935438451970e-01
1.971572825344473645e-01
4.447648148033407356e-01
-2.688654858632676392e-01
4.466337552817760681e-01
7.134041286482812882e-01
4.705411900236154688e-02
-1.253022329078743169e-01
9.196587674840162041e-01
-5.039316956137294135e-01
-6.994901197167792406e-02
-2.996306796704814035e-01
1.162754989322489635e-01
3.645091130517474215e-02
9.514154872023607989e-01
2.140191825990022945e-01
2.052447678590677838e-01
3.224577884212015411e-01
-1.685506199070064270e-01
-4.214181778315795324e-01
5.353495057354581421e-01
4.817243163239892101e-01
2.233083964176275082e-01
5.372965691888070827e-01
-6.983857578760552798e-01
2.931366333778664401e-01
5.137177007000462980e-01
-1.057988580774789356e-01
6.163706268164075297e-01
-1.960914333437136503e-01
6.372702465209323375e-01
-8.046873441828564233e-02
-2.422795377824798480e-01
1.683814695611373161e-02
5.614689194007573825e-01
3.860610317476452780e-01
3.840596327225082041e-01
5.498606497039972840e-01
5.004514454004188595e-01
-1.587493009276401690e-01
3.717971898417073984e-01
2.449703226576329523e-02
-8.209457191135888232e-01
6.881819505154170846e-01
1.951652343174558810e-02
-4.253637944841369700e-01
1.265612170360961436e-02
6.684604380025319648e-01
-4.160484234076177179e-01
2.166603667817281476e-01
4.590124086896846256e-01
8.119218116286001929e-02
-4.997082490028773027e-01
3.985450735012947554e-01
-5.741797355216986531e-01
1.786696941313014458e-02
-7.991358127436881675e-02
5.434825036828125899e-01
-9.527723516698538564e-02
4.407884544338218080e-01
3.574139657014720473e-01
-5.780339385522996754e-01
-5.913001867664118283e-01
4.662465331997542872e-01
4.069647871429776242e-01
-1.563334623767942966e-01
-6.764427686115915828e-01
-7.624568212741125173e-01
5.747705418469043481e-01
4.158240705792755065e-01
-5.652244500184332165e-02
1.980856119342736532e-01
-5.270564697870211424e-01
-2.909447977906305383e-01
-6.530136034863711636e-01
1.051499064224684921e-01
1.011288948992708631e-01
1.003192337403074064e-01
-1.306151393211267275e-01
-1.263768293842180424e-01
8.144687068971199206e-01
-4.130865388978884889e-01
3.131025210303806094e-02
-3.849289051775723336e-01
3.031352065859895806e-01
8.704568137396088146e-01
4.503000982320085610e-01
1.854753060174559876e-01
-9.489266132951206245e-01
6.402298085693531871e-01
4.083975700426617506e-01
-4.398996976525880731e-01
-3.422641090070738246e-01
-6.997583759737012465e-02
-4.097994698982877493e-01
8.225185412947736419e-01
5.476948527357992091e-01
6.994621947537957851e-01
9.119887058685187675e-01
-2.693729488245122372e-01
-5.110742478822360990e-02
-7.116113242151141938e-01
4.311227086236559813e-01
-8.317039894523026167e-01
-5.045995805379973609e-01
2.718903424051168916e-01
8.390424529673968790e-01
-3.564359703502250065e-01
2.162704058920552064e-01
-2.301607507309570699e-02
-2.740588035734964345e-01
-7.278679701510347710e-01
-7.245783356879345050e-01
5.261425200696872029e-01
8.131405803098605833e-01
3.196905087309713234e-01
-3.014988120367676494e-01
1.553474881598445601e-01
-3.210432688367446108e-01
-6.399428745961617260e-01
8.890855453794874741e-01
7.786006850387592326e-01
1.550983749244624066e-01
-6.021635209771368791e-01
1.781034718278011464e-01
6.108154622398338507e-01
5.819544707024185692e-01
1.102807174607337709e-01
6.143015378174694341e-01
-2.269696868879124141e-01
9.329116448494018110e-02
-4.031726940605848131e-01
-1.497185936529360495e-01
5.662272550095035495e-01
5.240949418543534577e-01
2.612948595914643679e-01
2.603784524555148305e-01
7.915832446820567636e-01
6.896934508315305523e-01
3.550416364512417045e-01
2.148245590828830043e-01
2.538267382852373855e-01
7.476254288497832245e-01
1.456773440840104447e-02
