-8.271717396744192596e-01
-2.367750898957498573e-01
5.705135173384197067e-01
-7.259766969750429400e-02
5.085509256393001554e-01
-5.157742357328150007e-01
1.656510120564528288e-01
3.792668724364527469e-03
-3.711395867382620839e-01
4.977402332181612987e-01
-2.898208245037083852e-01
5.028857223099888474e-01
-1.437043278606938701e-01
3.583572318543500335e-01
-4.240204838391097297e-01
-6.193885187703840334e-01
4.437784121498110634e-01
-2.025314567275461330e-01
4.520130514267729077e-02
-4.435349628835988378e-01
3.833164919796260839e-01
-3.813329932060501859e-01
-8.672424875681296053e-01
-9.308400461713040031e-02
1.092324852588846540e-01
7.358944722160056795e-01
4.267810075880115739e-01
3.451565378868053091e-02
-2.776125094142141148e-01
6.771472448180851922e-01
-8.666874610226268927e-02
3.160584052381766318e-01
-4.475888407106654032e-01
7.812806677435197855e-01
-3.313901496431529425e-01
-2.397725361974735181e-01
2.417572346435998831e-01
-1.693072380502642083e-01
6.073259348058452911e-01
4.443672184490297244e-02
-1.885667028747548546e-01
4.383092991335894029e-01
-7.071488934000087490e-01
-1.290033542072278050e-01
-5.672387127074545177e-01
5.918757471775201034e-02
-4.124735076637968678e-01
-2.582733110729280579e-01
3.013234049074588194e-02
5.777914635447580771e-01
-3.546983923892765844e-01
-2.221452999425632124e-01
2.644126539523622421e-01
1.427156154793025600e-01
2.350853062669099880e-01
-4.376669830733271871e-01
-6.301228732351360495e-01
2.994102392247207645e-01
-6.409630349620727419e-01
5.430780990091689242e-01
2.954216470446801024e-01
-2.567074419254747886e-01
5.205246844486702273e-02
1.894753648327590634e-01
2.600421773800488667e-01
4.053753374169912632e-02
-4.875250449788910700e-02
-2.632937497115915848e-01
-5.794931367763893615e-01
9.057245719314396815e-02
6.138771666618259015e-01
1.332442954815454550e-01
-2.146401769589691977e-01
5.975347303195740478e-01
2.465079978584739095e-01
6.425433643872537903e-01
-4.860644157408894328e-01
-8.650939872641615069e-02
5.668661288515621788e-01
-2.899098873196500128e-02
6.421636192859137005e-01
1.842838041748106892e-01
6.768731265614488235e-01
6.115830245096583184e-02
-3.791192551651003106e-01
5.027148697835627233e-01
-2.731129730225824725e-01
-3.251873852945122989e-01
-6.774071251447282282e-01
-3.152210271935758090e-01
-6.142499006824017060e-01
3.543498677561183752e-01
-3.512321970352129119e-01
1.151973606629081437e-01
-4.124879950754783975e-01
4.308257626026745779e-01
4.579578232673671145e-01
-2.482257021495493099e-01
1.221029126466389308e-01
-3.211916889328965130e-01
5.503413452392610372e-01
-1.416283732406004303e-01
-4.129153325416394515e-02
-7.399512361110018865e-01
1.375037169945889926e-01
4.491698056531542305e-01
5.327909374847517032e-01
-3.827236276708874119e-01
-5.928329121413843383e-01
5.052407964142872077e-01
-6.805246077779844027e-01
-4.351018116151513238e-01
6.627295357130021936e-01
-6.020004581844147218e-01
-2.703181243862303740e-01
-3.888308564353190055e-01
-4.892003143436660650e-01
-1.081828733515550062e-01
3.659135465993090253e-01
4.678076262971544441e-01
5.888800764434835022e-01
-4.497987132519891684e-01
-3.269020590166527573e-01
-3.798926255234759408e-02
6.774205955595512252e-02
-7.704169500694915684e-02
2.217339729230431711e-01
-4.421306673220326555e-01
6.863517975710275998e-01
4.707280310333534779e-01
6.626415107403921256e-02
-9.422955190072676568e-02
6.662483539197092686e-01
5.310874329893100487e-01
1.357204909407939974e-01
-7.840876540929764271e-02
5.007344758410732233e-01
3.571122905603189013e-01
2.028530378063750916e-01
-2.643979475548031144e-01
-2.310156654992754355e-01
5.167617925806464729e-01
-1.503104143954184235e-01
-5.814693046514850527e-01
-1.635751720808971965e-01
-5.603465602723941563e-01
7.196441746920090310e-01
-6.158044177366122085e-01
3.065987212485877245e-01
2.747077457772354458e-01
2.767352633656394167e-01
-6.133377544051534791e-01
-1.169380019630822526e-01
-2.126822922869575638e-01
7.463023069554484135e-01
-4.749745741412940425e-02
-7.992824103670365110e-01
-3.751762377292228168e-01
-1.020020932883773102e-01
3.113944543584341584e-01
-5.361876327915677809e-01
-4.037375991872926284e-01
-8.754683049789810378e-02
-2.751544839691048572e-01
-4.503637229655431673e-01
-4.072045457072075436e-01
8.622622978794930448e-02
-2.213101090479251132e-01
-5.270854203546244676e-01
-3.265504352143043243e-01
-3.334726408149885080e-01
1.722989175107865201e-01
4.089837356067481111e-01
-7.519902223040138278e-02
3.917032614077732844e-01
1.303657244531973847e-01
1.342741471685371391e-01
3.285007502586666517e-01
4.041974179256703215e-01
-2.959221999540330161e-01
-3.550902939839950534e-02
2.828241399705757608e-01
-1.395122335921200329e-01
4.265660135747734727e-01
-3.810860075517505385e-01
3.409104494662434370e-01
5.496126521600852577e-01
3.469093197392273398e-01
-5.260403452934023782e-01
3.826007801164558186e-01
7.696187734009560799e-01
-3.804874666806439820e-01
4.009049345684380650e-01
-9.728851479619823883e-02
-2.382502541553347397e-01
1.220049175598656166e-01
1.316924678824364925e-01
-4.240794354837913449e-01
-3.724041102830241701e-01
5.293756307288244312e-01
2.045732849078862881e-01
-4.153941474780702969e-01
1.968401180073929280e-01
8.829305499406210622e-02
-1.412775138451354273e-01
4.499518583650856107e-01
-5.618899225892062255e-01
-7.297488729022059972e-02
3.471311799632640360e-01
-1.030012692547718767e-02
1.986006290948214292e-01
5.488947665742168747e-01
-5.072142491841056255e-01
1.583271707608279177e-01
1.828219983418666594e-01
-4.063023331306520047e-01
4.470686556876364848e-01
-7.354830002309827031e-02
5.662816855826836582e-01
-2.157858749231775231e-02
-2.916124225427173533e-01
-5.411960385009643160e-01
3.303103095002867806e-01
2.959223386004228643e-02
3.369300158582309024e-01
-6.596479699076855940e-01
3.875194201895627855e-02
3.397229621301521285e-01
1.575997879388598699e-01
9.181968978156629380e-02
-4.982632542939985920e-01
-5.689183449898181921e-01
6.180815387501612523e-01
6.897094675873378655e-01
3.412242407964558577e-01
2.690106274485983273e-01
-3.208792780176702442e-01
-1.139006015357200141e-01
-3.290674397622166958e-01
-2.911038940741912662e-03
-6.268126276538372732e-01
-3.559216967882475879e-01
-2.768358561653583294e-01
3.408875746624698277e-01
5.552509798204337266e-02
7.155895152785689550e-01
1.231016076003645376e-01
3.026784983615132471e-02
-3.775176672877215978e-02
-3.639362018920955233e-01
3.417481884235126222e-01
5.006358430369842183e-02
-5.681459605905738730e-01
-2.199422154682045827e-01
-3.352262832107600898e-01
4.276947290353942388e-01
6.138046939871441010e-01
6.210623304980348314e-01
-3.049856273993568068e-01
-5.233996108199416852e-01
-5.632577479573005474e-01
6.585027652268315990e-01
-2.493976826310313477e-01
-4.611976383121353940e-01
2.664938543165528556e-02
4.005075762495328290e-02
