-6.779574765750667753e-01
-4.486285238533657682e-01
6.151486491450527394e-01
-2.018991384292491142e-01
-6.780764839795374588e-01
-8.153505495800059677e-01
-4.069120012913328144e-01
2.623790773589256275e-01
-3.443198471968482166e-01
7.809835000195662902e-01
1.171521072861310964e-01
8.794411754836625184e-01
8.311939964758773280e-01
-9.818380630734879766e-01
-5.259325407756729742e-01
2.513281313394712391e-01
-2.072238953650968052e-01
3.000697249974076941e-01
1.025667349658767158e+00
4.786308398596111346e-01
-6.040708203860969405e-01
-1.049419334254264369e+00
-2.958933756798116654e-01
-7.015785440454833655e-01
-8.069005096218337947e-01
6.413551268647160741e-02
-1.140435299164788585e+00
1.001925161605551118e+00
7.458565223084141493e-01
-3.551432396043192052e-01
6.454955343249503263e-01
-4.624793693268741679e-02
-7.550263789229946232e-01
-4.613922575492016009e-01
-4.954076820149616589e-01
3.404450970022025735e-02
-2.347603781023938629e-01
5.678253528564894403e-02
7.419341394507240617e-01
-1.031342039779216568e+00
-8.739958023382070618e-01
-2.198203651906776857e-01
-9.937385060924668334e-01
-5.821410253892781439e-01
-3.893847293362884820e-01
4.078057426035033295e-01
7.211011786198753271e-01
1.000249756111427413e+00
-3.024897906939510994e-01
4.551212193345251511e-01
-3.922820926371305139e-02
9.376045530401437844e-01
-4.015621612039965704e-01
6.400170429567529906e-01
2.953710950968653770e-01
6.142405645299242600e-01
-4.449473880781031898e-01
5.558570712558719151e-01
8.662381202900427679e-01
-5.636545319295956924e-01
1.328876281028170236e+00
-1.654811855079830196e-01
-4.203993130551294533e-01
-6.044234607885282801e-02
-4.527592986446629664e-01
2.231622145846433036e-01
-1.791550069950591240e-01
5.051768372343273805e-01
-1.034315935956364729e+00
-1.264754737472059964e-01
-1.639227598782803108e-01
-2.330980182144638257e-01
6.416676077761972463e-01
8.940015531123245429e-01
4.264932010451655264e-02
6.692893791252785274e-01
1.352032014256783765e-01
-2.810334004040000444e-01
1.111457899916693526e-01
2.564494328633904613e-02
1.659085625804541664e-01
-1.382880306799749714e-01
-6.513224679855644794e-01
-9.350268818128759651e-01
-8.371552816193861268e-01
2.523876167904928192e-01
5.756146022425107089e-01
4.365532212388210098e-01
8.343082570433477674e-01
9.207117653758615239e-01
-8.238323973716090709e-01
9.823127915212802597e-01
6.055716930153038913e-01
5.551913834874430131e-01
5.570660973568488661e-01
-3.514890594023437065e-01
8.380962407127131586e-01
2.379358407400391784e-01
7.527445619290137335e-01
-4.850876217010801073e-01
-4.336712824042460723e-01
3.586270919283495590e-02
8.521428442537257730e-01
9.460027644541977310e-01
-2.543528763419848349e-01
-4.780580712570867141e-02
-7.406590368433905169e-01
-8.348681957753820160e-02
-7.679933002093730643e-02
-8.996011300302095837e-01
-2.484862265328176556e-01
4.738066971784281600e-01
-1.797661586211577456e-01
4.448135094835007908e-01
-3.044176401215907268e-01
1.025721608334982493e+00
9.802051436857586175e-01
6.332903257160819033e-01
2.272556600149124029e-01
-4.193157765158841976e-01
-3.973569670047810004e-02
5.973991861591574359e-01
-1.308395099086654856e+00
-6.312307055689889701e-01
9.191247248874074849e-01
3.584148148809589429e-01
1.963427519792766696e-01
-6.194176844973628970e-01
2.292739861759653386e-01
-5.663045197077533066e-01
4.840685497179928465e-01
1.133009072603070044e-01
1.166917366333313666e+00
-1.168988036218955862e-01
6.293931557248787501e-01
2.009904727202767583e-01
-1.245266586621629618e-01
4.392536653129289204e-01
1.811572270352848901e-01
-9.649060601860866004e-01
-2.619292550134757480e-01
5.117330103858995782e-01
-5.289006141009661155e-01
-9.643412588672531927e-01
-1.414601160493912935e-01
8.512334245881831851e-01
-6.998103400917619066e-01
6.191602466370188518e-01
-1.755016198296175112e-01
6.948889223845493568e-01
2.234119065127229131e-01
7.104933850256845984e-01
4.558193740524584259e-01
-4.097248669649923292e-01
-3.039117460130402182e-01
-2.404871329222822152e-01
-7.212623323612702420e-01
1.138738314672745333e-01
-5.586533139008117987e-02
-3.654890353535087955e-01
-1.612784983987159970e-01
-9.911102754681770932e-01
-1.530642591205382819e-01
-8.133865109867098875e-01
-5.215848751832298236e-01
-8.603896907903313407e-02
6.401493028826656939e-01
4.010021102221191236e-01
-2.257247221918095292e-01
-2.907187784859057156e-01
2.960805048219527502e-01
-7.302189609851889029e-01
1.221485216943345220e+00
-1.205028932704567540e-01
6.211522083154057405e-01
-1.695488766414144921e-01
-7.591432799075501503e-01
1.657021292325784254e-02
-3.278595964629955617e-01
9.574155999517417470e-01
4.000602747412125293e-01
-2.925259803015856086e-01
-1.167114226749109029e+00
-5.197233863402421772e-01
1.153566840892542578e+00
7.221325296459556453e-01
-6.276845621407658449e-01
-8.577318005772948117e-01
-9.829433850704276665e-01
-4.649731741139281893e-01
7.539134729276653069e-01
-4.788693805794476122e-01
-3.918463782754709746e-01
2.882295538236738786e-01
2.409432521065622557e-01
-8.497911664556800568e-03
4.035963725440667726e-01
2.164262201365815264e-01
-8.604261491469230583e-01
-4.636178237240176081e-01
1.326245802491060388e+00
4.483830898377403340e-01
-6.984006752779881033e-01
-5.640365779699537674e-01
4.768438933905222443e-01
-3.012171277093945998e-02
4.342936429708636470e-01
5.780287411096309835e-01
-9.605002883851641859e-02
-7.567504285663555486e-01
-1.676551380393961066e-01
-2.808791717120863174e-01
4.411231928470699809e-02
1.732087481597511247e-01
-2.099431979603435805e-01
-3.454021193128795630e-01
4.852135118051181806e-01
-2.317482338580463264e-01
1.707559257586815579e-02
5.729380446834091423e-01
-2.838783314974721583e-01
5.261124690307361629e-01
9.490065246653925368e-03
-3.043465753078092861e-01
6.804021204161169178e-01
2.481124078991890636e-01
-2.237448222463293279e-01
4.037372826014423155e-01
2.789250853187070223e-01
-5.760056816238813548e-02
1.075922687443630288e+00
1.241567565968115100e-01
-1.200697039407150057e-01
-4.023072238665646450e-01
2.311965052017499189e-01
7.487807787701010742e-01
-1.267832067728338341e+00
-8.039008429223123420e-01
7.483348941305336677e-01
-2.002947162778531409e-01
-2.635948931806800233e-01
6.451154774952493343e-01
5.258479924584897880e-01
-6.594002303056667458e-02
6.475433759380592180e-01
8.821756467179270311e-01
-1.794341819174821162e-01
-4.142452430457009283e-01
-3.834291988564505343e-02
9.015870885835327586e-01
-6.754251974772234046e-01
-3.783208277608303138e-01
8.782194409225447806e-01
7.544277934426943943e-01
9.080503612944368363e-01
-7.240760737958805704e-01
-7.343450234841521207e-02
7.714734321751378632e-01
-6.862499085772377772e-01
-7.914340308886016473e-01
4.505108513056261810e-01
8.716155681690532786e-01
5.003362472682119089e-01
1.068398617274917209e-02
-7.707327918368068742e-01
9.946600396334134842e-02
