-1.032921435265381632e-01
-9.324379429454521251e-01
3.584847175388206075e-01
-4.132549311030822570e-01
-2.803979389753702423e-01
1.057802279160657166e+00
7.216383810601582072e-01
-8.797738307638588440e-01
-9.097928072512476705e-01
1.014123447113133958e+00
-2.035536653733672208e-01
1.610072033241857492e-01
4.317219575248070276e-03
7.108633621695148452e-01
-9.959216076634039849e-01
-5.641986984097747265e-02
-1.212990390144298158e-01
9.510681164011536293e-01
-3.904085477036720042e-02
4.230702506855947287e-01
8.591343304740599596e-01
-4.364723501538468886e-01
-5.404911803032846906e-01
-5.325741704528309528e-01
1.191230984629038758e+00
-5.058993393279577477e-02
2.658929771201312131e-01
-1.313942217277401792e-01
-5.111768696763063086e-02
-6.694898715607635609e-01
7.813640724668767801e-01
-3.661829999502196897e-01
3.159246459552783604e-01
-4.500288636754844196e-02
1.063012821532447472e+00
2.315542074294539843e-01
4.447284765900742509e-01
-1.317914370232968757e-01
-7.043822508028981799e-01
-3.316654191708623967e-01
-7.183822687765457626e-01
5.835457766579510430e-01
5.662517616464881609e-01
-7.145798778991004074e-02
1.606209604463854634e-01
-8.854255374803829959e-01
-3.919540756138550353e-01
-4.846383931620461549e-01
8.778727436466770007e-01
-1.244543765525795570e-02
9.162702300389686805e-01
9.198187154527389664e-01
1.156052356400646408e+00
-6.792865523450385412e-01
-7.902277271709514661e-01
1.198316439421497764e-01
-5.267061275362366901e-01
7.460360163744750306e-01
1.004146172349815735e+00
-1.106194445837634044e+00
-5.387973242268661034e-01
-3.678781719872673550e-01
-8.056763874884221854e-01
1.031572369435506564e+00
5.595332898016905920e-01
5.094086818468647193e-01
1.293616228754683739e+00
5.250339191053227106e-01
9.306022363504350414e-01
-1.887766026766223848e-01
3.134822758708006307e-01
3.823418039729958307e-01
4.543174054090030195e-02
-3.598237055080149016e-01
-7.117213046319252612e-02
-1.136495889003155124e+00
1.328876281028155359e+00
9.521778513497174412e-01
-1.731289888539438715e-01
9.694651360705994758e-01
2.520144752781928177e-01
6.760129085472553478e-02
-1.103107363735336577e+00
-5.643071371064686259e-01
-2.684875648678287652e-01
4.836251985424739885e-01
-1.103767726560447304e+00
9.041118785431644378e-01
-8.893430047870165556e-01
3.432411087299921393e-01
9.471638294863992114e-01
3.105774506928037915e-01
-1.318891148088404908e+00
-6.861248291596244719e-01
-9.557705538051106675e-01
-1.425144259575985284e-01
-1.049192816027863406e+00
-7.431467499420285616e-01
1.118039805195421114e-02
-7.081915995553191845e-01
1.328876281028170236e+00
-6.123720770816567516e-01
-5.425850419282590709e-01
-9.551150297638500986e-01
7.094602610705381673e-01
-7.586633883996075634e-01
-7.306157407235454038e-01
-4.831649773953709537e-01
7.638558829173215381e-01
8.349689043550931888e-01
8.050647911597390571e-01
-4.258593452261477119e-01
-7.981549533608303104e-01
-8.917790369868651146e-01
7.378623681015783475e-01
-2.097919980493226644e-01
8.828244510508855836e-01
-7.472361872063149058e-01
1.266213714701656334e+00
-3.448274916397540690e-01
1.129474395706005163e+00
-9.304226676212538072e-01
9.292956080863303825e-01
1.019354939101304147e+00
6.946713815051026586e-01
-1.683743975574396590e-01
1.090006464848358725e+00
4.309342623363762725e-01
-7.188951210542906534e-01
-7.032507554554875973e-02
6.045452457037482352e-01
-2.771098119977707386e-01
-1.847583911626763109e-01
1.425759777766735514e-01
-6.701560350001156685e-01
1.903644819301174990e-02
2.030441624598141870e-01
-6.870033276088617358e-01
-1.382162932470253069e-01
6.577671955040612084e-02
5.673007286199563959e-01
5.622196675645803332e-02
-4.635047284210355167e-01
-2.465571070905771545e-01
-1.210521396292827179e+00
-1.353883410293268419e-01
9.631175720300088061e-01
-5.066112759020675593e-01
-7.294655926026436532e-01
-1.238538376766637750e-01
4.510626858921104598e-01
5.901046364476597583e-01
3.566242789099113852e-01
8.091036032351278662e-01
1.104932891234043479e+00
-6.476272676833769726e-01
-2.832626481350000169e-01
-1.118755251139752271e+00
1.621345484123875302e-01
6.835294705065225740e-01
4.193967196644219908e-01
9.987056108002969612e-01
1.344290525516440848e-01
-6.391726664996144613e-01
-9.227658112214520703e-01
-3.411552014600587324e-01
-5.094622438735720849e-01
1.317892108011349039e+00
3.037742423285071380e-01
-6.510990608811588753e-01
8.738960712512339191e-01
1.007057959419244142e+00
4.794879085894185877e-01
-7.792498608343374489e-01
8.227761130327702066e-01
-8.324094967839161807e-01
4.848386674375003147e-01
-9.526767161378139059e-01
-6.206573393257699411e-01
-7.752720219991924289e-01
-6.720626945355505644e-01
-1.231642066855972883e+00
7.409432262133457403e-01
-9.674769121632791347e-01
-1.682920659348947079e-01
3.056360789945296030e-01
7.689548827502663553e-01
-3.262818898365544285e-01
-1.049654461241333214e+00
1.177668473068053945e-02
2.628601286706308549e-01
6.883879701294001174e-01
-7.323814995755595358e-01
7.618095327989145016e-01
1.277033374293550017e+00
-8.135671246072480045e-01
-5.248397752638936549e-03
-1.325730200162633876e+00
-9.158880295446738540e-01
1.355924819824855243e-01
4.173521069740689371e-01
-5.206875878287365866e-01
-3.366577124623942319e-01
2.342802807719485958e-01
1.170289372862294064e+00
1.197262599462060040e+00
-1.051545203360672698e+00
1.201879408812512873e+00
7.029396299613646093e-01
5.220348633059248428e-02
-1.332382322494033433e+00
-5.924061404618204962e-01
-3.191379785350648701e-01
3.880039865039893732e-01
-3.592968706528282818e-01
5.055358903066240472e-01
-4.943408554235108054e-01
5.810171847116156751e-01
3.618111879925635099e-01
6.363564462837660862e-01
-1.465140600518234915e-01
-6.702611114291520122e-01
4.810579644505882380e-01
-7.244611188904819254e-01
-1.053145700818644226e+00
5.464816313303469952e-01
-1.018784698326322902e+00
-1.181475675122452440e+00
-3.441347022707058056e-01
1.013291705195261905e+00
-1.924154777888044676e-01
1.328876281028163797e+00
1.069715448238983235e+00
-8.449056469060955976e-01
-8.800234094740992941e-01
-4.944877273252751837e-01
7.067252620967056087e-01
1.106648003622340837e-01
-9.019162165656523511e-01
2.601983886895563591e-01
-4.313357704291279626e-01
9.595769656865144048e-02
1.064521524097069127e+00
8.533756781656842705e-01
1.775938658020031480e-01
-1.251948706719969717e-01
3.569413858665042572e-01
3.973957467669342880e-01
8.827902506007475614e-01
6.624155312349102598e-01
-9.237658613486682269e-01
-3.929504452938122755e-02
-2.634400706785042789e-01
-6.541939560658405206e-01
-8.644176594236124833e-01
5.990078488374381838e-01
-1.290183897719703099e+00
-1.131248096163269379e+00
-4.961129858720577102e-01
-1.280988026007525482e+00
1.259943315431164113e+00
8.161931940854649792e-01
-4.072151410069084210e-01
1.038108026627779790e+00
-8.007201311025732293e-01
9.946600396334216720e-02
