-1.346856356420013112e-01
-2.356828523056856695e-01
2.233069412933315345e-01
-9.605175890828626661e-01
-8.385356987430049314e-01
-1.332382322494049864e+00
-1.050529856059229772e+00
1.328875594836678831e+00
9.050824739890948045e-01
-1.399133181984208996e-01
-1.100801443233069277e+00
4.637393257316294592e-01
7.371601982078356263e-01
4.355792178718858043e-01
1.568882277197479747e-01
3.625653032854326829e-01
-1.809691121545823345e-01
1.090746353546409253e+00
1.123862960115491250e+00
1.681033450646553518e-01
8.461328771618810141e-01
-6.090676444407544521e-01
-5.310306882304584031e-01
1.256514604549465508e+00
8.133346503724429022e-01
1.042460072712342534e+00
1.130604058292092651e+00
-1.232482910522215924e+00
6.650954611384159998e-01
-9.231538391655211839e-01
-8.569561362073799815e-01
-3.274940726066885577e-01
-3.825648742581008732e-01
-3.661774554228487966e-01
7.031581132099743447e-01
4.646243615106954716e-01
-6.225854173562563876e-01
-1.254978596993353346e+00
5.180734245180722564e-01
8.299905178025647201e-01
-4.574223998040449213e-01
-6.879760819858876664e-01
1.103250499523797501e+00
-1.240695995451609246e+00
-1.332382322494049864e+00
-4.348547126999735002e-01
-1.009197115673523104e+00
9.540109429396341767e-01
2.597472372489256776e-01
-2.808267103350840510e-01
-9.862772433188433663e-01
1.068002167888200127e+00
2.806369699294349873e-01
5.510758269921399721e-01
-1.238207003498088987e+00
1.221446108198696867e-01
8.879810157291398998e-01
-7.736809894243211472e-02
4.613709719278710208e-01
2.269748339528485648e-01
5.649512791525918010e-01
-3.579402302648344025e-01
1.402535598769559799e-01
9.096937692030513389e-01
-1.558754603333450117e-01
-1.024741656179489091e+00
7.441445453971837765e-01
7.732065221691987178e-01
-6.913011013242527369e-02
-1.332379108989748540e+00
8.274646842758236476e-01
-9.525285204722921950e-01
-8.278422244043736056e-01
1.236545160198326609e+00
4.132605708142246814e-01
4.262578354128288560e-01
-8.722837245577706733e-02
2.148823482308862831e-01
-5.948407619089658427e-01
-9.129972883095607283e-01
-7.785989584123552687e-01
-9.154809982874730911e-01
5.314601693136213750e-02
1.248187988345613952e+00
7.516996736462623341e-01
-1.107383203695516238e+00
4.270729853027837586e-01
-1.235718545273597702e+00
8.041498177813229120e-02
1.298862241165055220e+00
5.576464882420389957e-01
-8.507535159854314744e-01
-3.092223903306893229e-01
-7.136783337561050100e-01
5.554795661490511405e-01
-7.623777229244894926e-02
1.832505153055870029e-01
-3.998457527048098203e-01
3.984688707474172698e-01
-3.242657372176271369e-01
1.299951517747172380e-01
6.049872393508057278e-02
7.457672412611260349e-01
1.296586552519977786e+00
6.259082020344909347e-01
2.927620770415489265e-02
-1.160981993037266236e+00
3.668950385530366232e-01
-2.364125812635409496e-01
-6.771003259213985714e-01
9.851338601597951772e-02
-7.863679012370409227e-01
5.675187865519533137e-01
-4.196750980536300135e-01
9.175635986238109831e-01
9.668336079329287180e-01
-6.408031102488770392e-01
-8.728716027469042293e-01
1.175585028961129597e+00
2.223482315681867549e-01
-3.075348324462228167e-01
-1.064407350166399480e-01
-8.427116743063308713e-01
-7.225069211791388391e-01
2.332836605870963198e-01
1.156586683268998161e+00
8.267202605751436950e-01
-8.285752448239985801e-01
1.631008053472459418e-01
-8.807441473519709296e-01
-1.201281086396371184e-02
-1.903389149960417817e-02
-7.439585332529387030e-01
1.328876281028114725e+00
1.046440695930008768e+00
3.084494554644679476e-01
-2.610846384318241120e-01
-6.922373971217530286e-01
-7.305692467635388487e-02
3.772301559876565791e-01
1.076289744700740236e+00
-2.849561319028795503e-01
1.660739425629782495e-01
6.975457050881169740e-01
8.425831810784899512e-01
-4.310458665601770711e-01
-1.182680476318633600e+00
-9.938496157458331925e-01
1.050111356038728516e+00
1.100358732708833553e+00
-1.897611846117001899e-01
8.745655412429130804e-01
7.068659032792861119e-01
4.442691468130661181e-01
1.008340602520371387e+00
-1.031627914160196724e+00
-2.275393525768332481e-01
7.144931164981590532e-01
1.034983440971340540e+00
3.251302956230169849e-01
-6.302941039795673106e-01
5.414580181915944479e-01
-1.327987554122224578e+00
-7.751781798503371013e-01
-1.197225882141676356e+00
-1.020606115290771054e+00
8.710632980392940539e-01
-6.196406989237628338e-01
-2.588032773376912621e-01
3.039754922141835181e-01
-2.429980633395768252e-01
1.145961132444137220e+00
-4.074902788765177863e-01
3.312367580637806119e-01
1.302332378720749917e+00
-6.777930002996317427e-01
3.521527717560798409e-01
-1.128922395124542177e+00
-1.162022510672820363e+00
-1.073276589664442282e+00
1.109293859255702092e-01
-6.747647946016662734e-01
6.418213639553858041e-01
7.747841817525988883e-01
3.961354993201143815e-01
1.328876281027953521e+00
-9.852281452259642469e-01
6.164919254605815135e-01
-3.669729740170442067e-01
-1.332382322494049864e+00
-2.667495920484794780e-01
-1.152037512430144739e+00
-7.135878620748534740e-01
-9.087393765135785006e-01
-5.676927708850740828e-01
8.184714526819757419e-01
1.859445548761665956e-01
-9.948563522772100320e-01
1.328876281028170236e+00
5.638362150349049973e-01
-2.863791747918039560e-02
9.516282338360614323e-01
9.750147180666658420e-01
6.472396564239875083e-01
-1.055988838811521502e+00
-9.029471857003285029e-01
5.075558663571544393e-02
1.128100656544226865e+00
-1.134095113329380400e+00
-3.954341903149453108e-01
-8.632472193332425547e-01
-6.708356891025656354e-01
-3.153542650186407226e-01
-6.079402176232087118e-01
5.878944598386020015e-01
5.425392700789271050e-01
5.678011808740309613e-02
-1.036752476642354592e+00
-8.004344053955507465e-02
2.205081128790603584e-01
3.113703998501080039e-01
-8.255167336719885229e-01
1.133558872915053417e+00
-6.169551161528826627e-02
-4.334095239787859044e-01
1.264666142714338526e-01
1.326427739645485548e+00
-3.750024293600510150e-01
-5.521347815558219629e-01
1.766156720694158910e-01
-9.598551645655719611e-01
3.293054331209951391e-01
-4.999482851354587060e-02
1.236330724000386683e+00
6.975141236075604878e-01
-1.205474020313337169e+00
3.996232008988864770e-01
3.969159179903249401e-01
1.328876281028170236e+00
-6.337195888632708440e-01
-8.325521430307010196e-01
5.411149320570262100e-01
8.391091294734205341e-01
1.154821139293026322e+00
4.351791722860162692e-02
-4.132333350737053546e-01
-6.127772354042821945e-01
7.590233424414761787e-01
1.002814741797870779e+00
1.038497040701997776e+00
1.328871204475783552e+00
-6.619046490721621767e-01
1.138856976725667325e+00
4.302350478710598725e-01
-6.185363078463527176e-01
-6.713303524866807148e-01
-6.332909079822308662e-01
1.328876281028170236e+00
-5.532283215347392202e-01
-1.519031461637505853e-01
-6.944295950603767142e-01
2.154875503863415420e-01
-3.969569604976025401e-01
4.728210076485711011e-01
1.183290472900408341e+00
9.946600396334082106e-02
