4.461271886156950583e-01
1.186021202106765315e+00
-5.827346199692654549e-01
5.630972512054452928e-01
1.274811588612915880e+00
-1.534111820928992231e-01
-1.010176593898758635e-01
-6.694598858689481125e-01
1.028730861834951549e+00
5.696381144414310732e-02
-1.188348950545104366e+00
7.516796428015342091e-01
1.032535219813771610e+00
1.133776037655070734e+00
6.681876045446559775e-01
7.635261464255576058e-01
-3.127523836895723108e-01
7.578321695415052295e-02
-5.974361280978232047e-01
5.149979086797779049e-01
3.709003370995939131e-01
1.671727923748996536e-01
8.857998661789170392e-01
-5.903752611869639288e-01
6.120658107633673017e-01
-3.778121599972462663e-01
3.990706103676261440e-01
-8.715400724347990291e-01
-8.855558252751848380e-01
-6.961386301065451976e-01
9.947075984666329251e-01
4.783360027819740234e-01
6.285311261192045862e-01
-4.293702414711645376e-01
1.289935145110709502e+00
-2.569940743703792441e-01
-1.286240456398266563e-01
1.087891837508221604e+00
-1.018457613418145780e+00
1.113767557244073281e+00
9.850552477662160022e-01
6.559022302934581772e-01
5.355736759060336638e-01
8.162004938203129001e-01
-5.996786263212694479e-01
-1.217193093491673261e+00
2.042003534125120812e-01
4.420609875630768237e-01
-8.665960786412861827e-01
4.558990489415461478e-01
-8.201389174339350774e-01
8.042262233005852412e-01
-8.210405399191860187e-01
3.487401055948942674e-01
1.132860798468442676e+00
-1.089931500314210711e+00
1.045494683651427975e-01
8.186319619581977625e-02
-1.063850082035233013e+00
1.090417557480314548e+00
7.904606860329357332e-01
-3.113845398169121440e-02
4.068358579964306276e-01
-6.182924378378660268e-01
7.370068712292553448e-01
-2.253614634403612680e-03
3.090354197960770710e-01
-4.070101086953374359e-01
-2.548406832880544259e-01
-7.514357001718406821e-03
6.691050504795520437e-01
-2.007563460395987986e-01
-1.155501097175134273e+00
-1.092937999676134031e-01
-4.367080370520448618e-01
1.145626853214636087e+00
4.774363868035816361e-01
-2.120247854776706742e-01
-3.887103001137993119e-01
-1.149293981027892153e+00
7.701367781240173183e-02
2.245380046306785504e-01
2.954037931230495961e-01
-1.200901884879682191e+00
-4.355128794674844039e-01
-1.166304459809604399e+00
1.124236819502817397e+00
-5.734274230848867004e-01
-1.007406561110943510e+00
-5.078233499725401945e-01
1.107436557817202294e+00
-1.330570171925160805e+00
1.126494049581411028e-01
1.057490506714680478e+00
1.789597819277178314e-01
4.071743696903133980e-01
1.014672148753666070e+00
5.150186110499294784e-02
1.303315933003877380e-01
9.385095653404568194e-01
-1.331814476210215759e+00
5.980142857670556200e-01
-5.863007927684824594e-01
-7.350860242076152629e-01
-3.920067047237194013e-01
8.864298040744692520e-01
-1.006858222383345769e+00
-6.609177629403143461e-01
-1.165348350405002842e+00
3.496335647664907120e-01
-6.270710433218458224e-01
4.261467947608436058e-01
-1.248881788848797081e+00
-2.068819096154423665e-01
1.092426642586234342e+00
6.051961515857124940e-01
1.247976816836250669e-01
-9.465679208155514113e-01
-5.766414360396094479e-02
8.566793577537415993e-01
2.454273040621375579e-01
-7.895196188951726368e-01
-1.164932480236993140e-01
-2.255485256723656073e-01
1.267740403438818664e+00
-1.332374100549426732e+00
2.657541223263615859e-01
-1.247856408633191833e-01
-9.224580382925585686e-01
-3.961654302951503892e-01
9.239317644932583118e-01
1.004695388116134902e+00
-7.192941155666858766e-01
6.056897165740447730e-02
-2.170164582377743789e-01
-5.617962097878986816e-03
-7.287323982375215614e-01
6.982294339022206142e-02
-5.243037560801722119e-01
2.398473479236750694e-01
-3.772466185850820164e-01
2.464214086574535167e-01
-1.033404355124465157e+00
5.804414076335950856e-01
-1.162720966378589127e+00
-6.385548194522976395e-01
7.251233256630720270e-01
5.676810789236590438e-01
-3.961515429076347128e-01
-6.102216744104441704e-01
-1.230269642170707334e+00
3.457218489433998010e-01
-1.158401331569172132e+00
1.255405895613518341e+00
1.087235945642683665e+00
-1.317140179152860302e+00
1.820785480104576692e-01
7.524669564001689182e-01
4.750923310145635514e-02
8.531829293568498063e-01
2.219790519216897906e-01
2.259352406766966248e-01
-8.444987567690063202e-01
6.490141589046881654e-01
1.324400410895379743e+00
1.048846254178007475e+00
9.049721032034219181e-01
-7.914972546268400633e-01
1.137284543988931862e+00
6.845058419790889248e-01
2.855182525468747401e-01
-1.300055475993745491e-01
8.992276120815918539e-01
5.016664407001261150e-01
3.304893846432881976e-01
-5.802984536269574223e-01
3.901585843394386743e-01
-1.078374076232750500e+00
-1.254476657092890690e+00
1.269029607093878687e+00
1.945297854061644738e-01
-7.973534181650873132e-01
-4.970128855038649096e-01
-9.783079512516226206e-01
-9.615075482431191256e-01
4.242442100078958056e-01
-2.244174023619308345e-01
6.421095997525183563e-02
-1.069538954905536521e+00
-5.075256723003480630e-01
5.021985219892498575e-01
-1.293999907474085442e-01
-6.368321121205247071e-01
5.901366034637461899e-01
6.573758339293765962e-01
1.870328600561956267e-01
-1.332382322494049864e+00
1.165049715021254206e+00
1.325938488170898877e+00
-8.974622067795258173e-01
-8.514374809569277280e-01
1.025605332105937517e+00
-5.627118520730904905e-01
4.229719898560144187e-01
-9.212286061437415796e-01
-3.710391219837068100e-01
4.001862817251498616e-01
2.934062051052104270e-01
-2.747164962656961085e-01
-7.975243537779093117e-01
3.757575861665768957e-01
-1.029958638883317734e+00
8.446793351473617095e-01
1.328876281028170236e+00
1.102825299958425598e+00
1.235816579073227395e+00
-1.027405745675224358e+00
-1.196412741522226708e-01
-1.091345266833344263e-01
-3.265827940178567812e-01
3.629526964802832767e-01
8.489939674025754890e-01
-7.591107603772867529e-02
1.635339266116566936e-01
1.016733853314851554e+00
-9.290371326275320696e-01
-1.010747692151914012e-01
-5.728999595679741264e-01
-1.017697550065896239e+00
5.494941682220639834e-01
5.690372104802827735e-01
-8.362646815370607944e-01
-1.016117595722200839e+00
1.863424760668952115e-02
1.230593396420267771e+00
-7.336959925059239884e-01
-1.347558186050221984e-01
2.582931334354061637e-01
-5.523319810627496107e-01
8.077743563766418555e-01
6.970295751016314378e-01
-8.637216395077463860e-01
-1.041270627652260305e+00
-8.427467986296053315e-01
-2.342256202663825504e-02
-9.545450029502545730e-01
1.263095120186627840e+00
1.035150532836339593e-01
-7.578508165615759351e-01
1.029372334586010629e+00
-1.332382322494049864e+00
-1.176818965932519556e-01
-2.443094484201725203e-01
-9.702447282926843775e-01
1.059285313305436071e+00
-1.307531453615971895e+00
1.302281779497337588e+00
-7.633394116102493188e-01
-2.829270295185263295e-01
1.388077900060414038e-01
-1.071490376912324072e+00
8.051431972908590362e-01
1.044678320040995922e+00
7.985457754765801219e-01
-8.265341014912383488e-02
9.946600396334219496e-02
