-1.053722372129112239e+00
5.409941191653829806e-01
8.630962619554033433e-01
-3.502277816207026440e-02
9.038884939103518645e-01
7.560085720688954902e-01
-5.032050601454002292e-01
6.264940780184129476e-01
1.242245810527841332e+00
2.926523343899335439e-01
1.104526166581247804e+00
6.536604179749601062e-01
-1.283642416699245947e+00
-5.296242924816889630e-01
-1.192446440024546916e+00
1.017109258721351717e+00
-3.460638697051467982e-01
5.855457135874830854e-01
3.909486525493146569e-01
-9.382905179959473152e-01
-4.564828459769162405e-01
-8.972881284661444745e-01
-4.898165847542617635e-01
-2.324543234420096693e-01
-2.519328216878991555e-01
7.003728911193727313e-01
-1.565707545988393179e-01
-1.138497737572643498e+00
-7.949865172273535840e-01
-4.608490453560832312e-01
-1.036889796020505766e-01
-1.077033126981733480e+00
2.295946473047049199e-02
-4.265542596338995351e-01
1.663576443911625458e-01
-1.288820849045574590e+00
6.539272411458398881e-01
4.247455710440810606e-01
-9.517586701378720759e-01
-3.033389666262835127e-01
1.627925890934607545e-02
1.049282155792781612e+00
6.689621184868776993e-01
-3.626484922882996509e-01
-1.340258980607433870e-01
-3.695926123281618736e-01
-4.833683690744187134e-01
-5.469198244421120680e-01
1.184290670269454004e+00
9.175617761710860298e-01
-9.457467303956206273e-01
-8.554170112275386595e-01
-5.954480443069695150e-01
-1.287959158868489773e+00
8.622001132084723407e-01
-1.295839218701049900e+00
-3.417435492013737863e-01
-1.230508209075901055e-01
-8.494899006753318105e-01
-5.931669610218932576e-01
1.140952020855872551e+00
-6.874401448534175341e-01
-1.285145903908432308e-01
-1.095072658688025280e+00
5.077865200970499426e-01
1.015429757143121448e+00
-3.520429634009215047e-01
-9.466868100721190782e-01
1.043735202374564547e-01
-5.503493991913749328e-01
-1.056246542973618974e+00
8.395038790594141487e-01
-1.170987784278865629e+00
5.256729993718085581e-01
-4.815246379700377499e-01
-1.045856817093602675e+00
2.465578413522108159e-01
1.328876281028170236e+00
1.328873661940499495e+00
4.134221441292154076e-01
-8.950537521887078629e-01
1.025497216051971971e+00
2.241800674695567375e-01
-8.518628224586123343e-01
-7.558791706067056193e-01
-1.168349078469457458e+00
-3.865038320270391403e-01
-1.283608209459648375e+00
-7.015165144077360748e-02
-1.206883584446202251e-01
-9.060725079363334267e-01
1.158819534986830768e-01
-1.332382322494049864e+00
-6.804990947762781239e-01
-4.687681037259561201e-01
-5.002174909735515040e-01
7.319715964860219470e-01
6.611827359174500263e-01
1.142938809067712835e+00
-8.935250117537215653e-01
-1.125660867836924206e+00
3.470715317079526296e-01
-6.399774449628453654e-02
7.737491499363036151e-01
4.774616845317909419e-01
5.398830663694605958e-01
-1.471483898252198275e-01
-2.306849094834743652e-01
4.099743910431134508e-01
1.328868518917304842e+00
6.453676761361260006e-02
6.962868788864353675e-01
-6.192012961505767299e-01
-1.136742295422241478e+00
-4.676902444127141178e-01
3.756232777233213249e-01
-8.758687070683882636e-01
6.109324932488323645e-01
1.001305499124975018e+00
4.725992877265581260e-01
-1.065374203503898221e+00
3.413079033719335631e-01
-8.403916580864978503e-01
-2.697190993902891520e-01
1.113521805953875177e+00
-5.169761762606903677e-01
9.079363999481430969e-02
4.645833005916997216e-01
-3.897611210741639409e-01
1.328858670668339848e+00
-2.479371787623519396e-01
1.229564467833649033e+00
-9.867131166031454237e-01
-6.412447743229272579e-01
-1.332382322494049864e+00
-2.039104261419156378e-02
-1.034642072004037905e+00
-1.224078226445824535e+00
7.278271334788047886e-01
-8.031961190584466781e-01
2.132421482665184387e-01
9.578804758984880152e-01
6.388075890093520837e-01
-4.458612582748491815e-01
1.176215027265985924e+00
-7.463100396582806884e-01
-2.575229789643121436e-01
3.974171428385876448e-01
-4.213034790094921100e-01
2.884105274662995266e-01
-8.180382104285380818e-01
7.309849845752601494e-02
-1.064095815248039090e+00
-8.975794880773890760e-01
-9.780750066857888392e-01
7.899227065713784190e-01
-4.186132759844892193e-01
6.867004730352973541e-01
1.056152921690231894e+00
-4.025503590099303586e-01
9.001085960856994861e-01
2.225370625162035598e-01
-1.209334581264577546e-01
4.092237954767233288e-02
7.446437533498785344e-01
6.837890866070516216e-01
-8.815468226000693353e-01
5.334446822601042193e-01
-1.140830474393121019e+00
7.462213127292544046e-01
-2.060355989157077461e-01
6.346917435950231168e-01
6.865643273765879018e-01
-3.297085639713527860e-01
-1.236483749006942884e-01
4.128545765793290578e-01
9.767643123322062859e-01
-3.016201720022702593e-01
9.936827933007155167e-01
6.365825936104093641e-01
-7.311178529597153197e-01
-3.935877340375297795e-01
-1.119488375523967738e+00
-5.764649557135350655e-01
-9.895181858433769184e-01
-3.267592052648460310e-01
-8.081441950535737107e-01
1.104642871045258823e-01
-4.140918084010852818e-01
-5.892552380041715665e-01
-1.108835700073913078e+00
-1.111903219527850428e+00
-5.398387474839958511e-01
8.867241422935864259e-01
-6.204707361019154988e-01
7.701621156248110722e-01
-8.645746194391712436e-01
-5.520899005058093473e-02
3.043940849028494919e-02
-7.343750815071403704e-02
-6.637993171268671277e-01
-1.332382322494040761e+00
-7.468895491698921418e-01
1.953741222130756794e-01
-6.663923404178309085e-01
5.762569082164308298e-01
9.172234961149562382e-01
-1.332382318737107330e+00
2.208832349959425900e-01
-5.226910218535839592e-01
-2.400209878066902613e-01
1.779455255627989396e-01
9.861658553018887163e-01
-1.416444109822755093e-01
7.888683177624209453e-01
1.270344734898598560e-01
-7.134138510632697106e-01
6.714028257843920322e-01
-1.159829479518386108e+00
-1.194012446842130259e+00
-4.292283351841287287e-01
5.793256052119915012e-01
-1.672795968661183741e-01
1.146055285129808032e+00
1.106658340183942490e+00
2.202327645349442253e-01
-1.115014819126051826e+00
8.124394271447347160e-01
-9.723861557637030195e-01
5.989903734136031721e-01
-5.971921799872378367e-01
9.421873261381799036e-01
1.133201984487463898e+00
2.426213800690984190e-01
9.853800495379640978e-01
5.645055696594482308e-02
7.412781034182812367e-02
-4.339299623252699245e-01
-1.802151948971813522e-01
-6.929590347733656508e-02
-3.529526453668094810e-01
3.388630079745266060e-03
4.681401739311408239e-01
3.098937845922425383e-01
-4.648085561712091418e-01
4.757397765038654525e-01
-7.286137127727521090e-01
1.239705114782453307e-02
1.693882707731596965e-02
-5.176929299116027616e-01
-2.449744178541027606e-01
-8.996209746522988437e-01
1.110264705056801110e-01
-5.966038947975681878e-02
5.730660582223111588e-01
1.269034868316523401e-01
-1.288026026479143438e+00
4.488203422027240430e-01
-7.142820440612953625e-01
-6.103432001267924401e-01
-2.825638200793498256e-01
1.052246993856237101e+00
-1.229913960016356445e+00
1.067753487385542543e+00
6.423090858109318235e-01
9.946600396334054350e-02
