6.621565261546463743e-01
-5.920499566097162658e-01
-1.238862623384555883e+00
-8.336732983645919193e-01
-2.973260560605609504e-01
7.492018080600516550e-01
5.278734978880014750e-02
-7.291536251392195522e-01
-9.913598062035752223e-01
-3.666500563455643014e-01
1.044443875759204721e+00
3.380488625509991962e-01
-5.530528268850674056e-01
-5.499893214281335041e-01
8.845053883532888461e-01
9.211119561733600580e-01
2.325336386245832332e-01
-4.874911996949242710e-01
-1.063966433447761872e+00
4.417517494366808850e-01
1.052709409672930585e+00
1.120884771564376603e+00
1.829983701945647190e-01
4.014427917666923973e-01
2.865520753849127855e-01
-2.703468522536733865e-01
-8.679509070164714846e-02
5.976686950796403774e-01
-1.679784079118942508e-01
8.697186292940198848e-01
1.060977196229117903e+00
3.518100036823605392e-01
1.287656319403158722e+00
3.360450158759088479e-01
1.201880761002424691e+00
-3.642823266174747832e-01
1.338256484740903418e-01
-1.124516020459839005e+00
-9.879392934210344812e-01
2.252793980596268231e-01
-5.829567721323284379e-01
1.151603252946997280e+00
-1.000234843991370193e+00
-3.528255502729794602e-01
-6.573575662179530488e-01
7.473882282247198416e-01
-4.116074132339311853e-01
-1.269908827493865022e+00
1.100081127298345729e-01
-1.028179786094605364e+00
-7.703754202790843997e-02
5.682834714208986338e-01
1.082402789119791597e+00
-6.096926324744305070e-01
1.172576945476413446e+00
-8.115145242133651182e-01
3.176188276180815229e-01
1.946792537646323540e-01
5.692259163725557070e-01
6.387375535287016515e-01
1.328876281028170236e+00
1.503187180861112748e-01
6.666089563231072379e-01
2.189208044115005525e-01
3.417048533426499946e-01
1.328490520500690497e+00
-3.001054291354412484e-01
-4.139382619814684916e-01
4.211297298152750779e-01
-1.934170321903974921e-01
-4.504344481956921165e-01
3.237387459130798839e-01
-5.136732123249954096e-01
6.180699389637993590e-01
-1.150021908537981030e+00
-6.836045652796456373e-01
-9.112612465465702583e-01
-5.627029184037558585e-01
1.138029047273235506e+00
5.980064105053926049e-01
-4.451476927803647149e-02
-3.278551507818817101e-01
-1.196184598940607247e+00
7.465196482294840230e-01
4.434108504004694584e-01
-7.391407871530795148e-01
7.555707484725046053e-01
-5.887883847883573774e-01
-6.268090442448208677e-01
-8.954021141585911669e-01
1.175844684851966138e+00
-9.689770356182156874e-01
1.145555879033702124e-01
9.923886959777503680e-01
-1.332382322494049864e+00
7.460710932038632226e-01
7.214557391080021753e-02
1.186439076675505078e+00
-2.261494397066795004e-01
1.067665920830974224e+00
-1.095636549590909947e+00
-5.556307386085203026e-01
-7.890685126325932552e-01
4.231633560412835227e-01
-1.081909567989050247e+00
4.419000482265994512e-01
9.526088322544230547e-01
4.296117196206966082e-01
4.146020910006105453e-02
-2.329507531305041457e-01
3.093535976868925785e-01
-7.415661992434661176e-01
-3.087932895460875418e-02
5.258171074760552566e-01
1.328610848460360483e+00
-2.916462130520328655e-01
6.430613797448531122e-01
-9.375355241585169308e-01
1.068495990139607166e+00
8.024908131069496964e-01
-1.007102503774710334e+00
8.612385707909655519e-01
1.065451296839336148e+00
7.320390225060569023e-01
-1.286628146257236815e-01
9.292505351607609487e-01
-1.195264687159824257e+00
6.062036859255117704e-01
7.144890516730895147e-03
-1.191014935005837438e+00
-4.996264507031564217e-02
-2.096829035565646055e-03
-7.742590877831748708e-01
8.965223758676534871e-01
7.670937007925630047e-01
6.307653306661790138e-01
-1.224085834678335871e+00
6.948629571559236107e-01
4.970138078718800978e-01
-2.163689626053340587e-01
1.328725918443664389e+00
-5.533370230679279800e-01
-7.342436910449073872e-01
-8.423771013597298740e-01
-1.125090811401263879e+00
-2.471321915209207312e-02
-1.277212551437679977e+00
3.848757668806609272e-02
-1.320289791047817518e+00
1.272714785955356476e+00
3.106803692604983569e-01
-3.073913682488214547e-02
3.244638652246542021e-01
4.932159381059404435e-01
-5.291323005186900907e-01
-1.032998718019646350e-01
-4.589715102106479705e-01
2.212921857396248082e-01
-1.255047109642021486e+00
-7.075667417161791983e-02
2.285723969143602929e-01
-8.284606761786217355e-02
1.878131330493336415e-01
7.853915217493626644e-01
-4.569411869048873864e-01
4.997920598668062486e-01
1.111605211974371343e+00
-5.172234956021664054e-01
-1.842465668719291683e-01
5.280713043449166699e-01
-5.696059019939293533e-01
1.139832124684933445e+00
1.116599337659494706e+00
-5.118343821737028065e-01
1.124258918661007467e+00
-1.287330412136862945e+00
6.598157683152822139e-01
-1.332182054502750734e+00
4.659376658048897113e-01
-4.806384477398704114e-01
-1.332382322494049864e+00
4.877581833826221680e-01
1.240090269085012631e+00
5.500003580335997011e-01
-3.554234493864411037e-01
4.727317380888936688e-02
-3.424699899080209387e-02
4.149338827823058073e-01
1.215275539596450294e+00
-9.860419802138555845e-01
-1.127576906725540340e+00
-1.532139468011931016e-01
1.847673082971115766e-01
1.275269652084545235e+00
2.585752436722936753e-01
-7.372386415831200246e-01
-1.073467120903658367e+00
5.866912342769846633e-01
-7.649603476250407263e-01
1.209175432405055872e+00
-7.873349058463595673e-01
-7.871718598737401651e-01
1.429657255259069171e-01
7.313904682814578173e-01
-7.825247025020036773e-01
1.166845397951716379e+00
3.300008019350954558e-01
-7.403121918820967373e-01
-6.852549056675388828e-02
-3.612891574910557790e-01
-1.229121981331882774e+00
5.558559880114182228e-01
-2.259406863651104436e-01
1.005482171022803684e+00
5.704835143161028910e-01
7.111888435957419707e-01
-8.453233861572791163e-02
1.221577713427286938e+00
-2.061892514102352802e-01
-1.076647838542451607e+00
4.723476719230909060e-01
9.186447647216042789e-01
6.809414162121618652e-01
6.493597174469973865e-01
9.476007207402641352e-01
-9.526954642405111029e-01
-8.076783112949298404e-01
-6.163797429869777300e-01
3.929410913240065084e-01
-4.134723166130607058e-02
-9.187919630875068799e-01
3.704823493754479946e-01
6.087521775088369225e-01
-1.148627339839005224e+00
5.677839005027309760e-01
-4.595361638636881185e-01
2.224709529339823355e-01
-4.443825462532502435e-01
1.148832077072189151e+00
6.424391697074960383e-01
-4.280936750979695560e-02
-7.081513381716298960e-01
-4.724251009034727833e-01
2.082967679302811514e-01
-1.332382322494049864e+00
-4.030117179617792589e-01
-8.402262417929954319e-01
7.619145498734817279e-01
1.235103780293443698e+00
-1.759202582551172289e-01
1.203036017191168261e+00
-6.259032064752123592e-01
1.047700757318368314e+00
1.160519446706006930e+00
-1.082706862026500350e+00
9.985301459575255389e-01
-8.559985269415276710e-01
1.115140801172871843e+00
9.913271113734594131e-01
1.259766157048382906e+00
-5.011780902891018741e-01
-1.640716207720530340e-01
-1.741150893109908726e-01
-1.001131199459630361e+00
1.007200561718495369e+00
9.946600396334374927e-02
