-1.105934309714826203e+00
4.697493460623751727e-01
-3.283855504236556366e-01
-7.436338390854448921e-01
-1.056083639862080759e+00
7.205713002202213113e-01
1.471727999426811484e-01
-1.147557742537659298e+00
-8.596128866245866806e-02
2.222265957883990950e-01
-7.338724795375781706e-01
3.170492896282496309e-01
6.218104574321241529e-01
1.139728242740116082e+00
-9.369291657078875346e-01
-6.547004682827520794e-01
4.943155961600267934e-01
-9.488692097488916621e-01
-1.436918306471991202e-01
-1.071397120883569531e+00
1.771232246932335219e-01
-2.793955721549271076e-01
5.763075417733322103e-01
-1.279129271009769919e+00
-2.655739922578980727e-01
-4.783626428178502366e-01
-2.823766995046241290e-01
-8.904167773637166050e-01
3.061159386448023545e-01
9.480482126469536031e-02
5.711102112208457093e-01
4.690010923732870207e-01
-5.311212373261376962e-01
1.263628918214505514e+00
6.340945853733012116e-01
-2.127830600764138158e-01
-1.043937912405646040e+00
-5.757979604509323446e-01
7.280121108512033201e-01
5.828407659678395136e-01
1.048629685898754049e+00
-2.276482714164997784e-02
-5.409418412307008817e-01
1.175076810145647466e+00
-1.246157900839902410e+00
-3.852335563374388872e-01
-5.808921250358263233e-01
-5.196086868565130690e-01
1.049104851482315137e+00
1.328876281028170236e+00
1.586190114646803331e-02
-1.076729069292296614e+00
4.950357637242986386e-01
-1.844196357970260547e-01
-3.854541756100774985e-01
1.706924120302289252e-02
1.011784497399524474e+00
2.065807792919566732e-01
4.992817620888115315e-02
1.170206193406324591e+00
-3.117676515853650132e-01
-1.211488575782371679e+00
-1.163832017240466143e+00
-2.167452061852206957e-02
4.950762673984995255e-01
9.222853635828507368e-01
6.734993270643242491e-01
3.729223829724878092e-01
-8.802471792721623389e-01
1.035518388352073105e+00
-1.502476310168846668e-02
1.286576811987277136e+00
6.482823046896056818e-01
2.993744769191531430e-01
-3.551675441767714880e-01
7.793155389998273064e-01
3.994247125565584811e-01
-6.138051929396455275e-01
1.034126845123700456e+00
-6.236320197806345389e-01
-5.146445742052210282e-01
9.778762807154791625e-01
-1.296090493298986068e+00
-1.255377143254500505e-01
-1.799829896270954410e-01
1.061027626379078992e+00
2.799410545207730583e-01
-1.235895403289867245e+00
4.951905384349628014e-01
-1.740241928983333186e-01
1.328876281028170236e+00
4.903251144404400796e-01
-4.380092601943517266e-02
-1.191591709214420147e+00
-1.268684731838490842e+00
-5.132008452097828188e-01
-1.332382299624396360e+00
-9.808440306272572240e-01
-3.390205955003723348e-01
2.676768295827532396e-01
-9.237745865203172979e-01
-7.818809305473946036e-01
-1.088839825701055641e+00
1.178222840108027913e+00
9.506563736205068116e-01
1.479129808869401527e-02
-2.861699781392942898e-01
-8.655864146192343567e-01
1.134740480042394362e+00
-1.295488913573847323e-01
-9.768017406927880231e-01
-8.965523724040438402e-01
-5.877835566424955208e-03
1.242428017221683278e+00
7.617100723144293317e-01
2.143163998201265130e-01
2.316095497897118494e-01
9.308295236882404566e-01
-5.445904624223205648e-01
-1.457149059075586450e-01
5.524242181343674840e-01
8.662742085867597419e-01
-2.298448714007087779e-01
-1.122640634756716382e+00
-7.265011548331659075e-01
-5.126066853757316188e-01
-6.731436592938470076e-01
-5.437709198173924507e-01
-5.072417315415677086e-01
-4.646658198538036744e-01
8.342056121398966351e-01
1.185936083786987671e+00
4.201745370756613807e-01
-6.499096342228530276e-02
1.048593649612452605e-01
-3.171323918839516476e-02
8.927366517343914287e-01
-1.066439425230478744e-01
9.934172311139414235e-01
1.016766709568838606e-01
-9.225181950666948572e-01
1.322142443892947439e+00
-8.203169708212618705e-01
-3.276552005676838242e-01
-1.199805593359635880e+00
9.818738777147376640e-01
8.524400904923024047e-01
-9.687072344654857892e-01
6.325995208741367337e-01
9.953991388301014487e-02
-3.711587890518048272e-01
-4.215753941621499523e-01
-3.257638719366011681e-01
5.909808057713811236e-01
-4.678959840268530068e-01
6.603984619102768461e-01
-1.206233471902768972e+00
-5.851425269026949705e-01
-3.044757959861378246e-02
3.894733938256314532e-01
-1.316667988822544100e-01
1.304921380269052911e-04
4.996513749922987802e-01
-7.377331573698308054e-01
1.115535416957787129e+00
2.093534745913147588e-01
1.060440877329560383e+00
9.740888506515806011e-02
2.834915919073887625e-01
-1.848521034947868402e-01
-2.231461636835892492e-01
-3.657251102336486759e-01
1.121981547349947261e-01
6.513800527979330957e-01
-7.984257389866025179e-01
-3.341116581158744547e-01
6.704224174675614822e-01
-5.962138121350227249e-02
-6.659639521056858191e-01
-1.001698746200397672e+00
-5.404648644438349997e-02
-1.705854586700588926e-01
5.464448543118447660e-02
1.348307667465707682e-01
5.882413105609002324e-01
-3.053429448998282170e-01
-1.683243922147001359e-01
6.074826693199636418e-01
-9.712411373025378047e-01
-3.478504936432844086e-01
5.186136178949012354e-01
-1.240810010184957957e+00
-7.334409892217010896e-01
-8.044135636669584866e-01
1.105092613566655668e+00
-6.658257390357348315e-01
2.221133732856177823e-01
-1.170232798632520721e+00
-3.363117592093926023e-01
5.305625664228039162e-02
-5.889530688731754449e-01
-1.186431888393296580e-01
-1.056383817446264972e+00
-1.273046986514605905e+00
1.873134588225826014e-01
-6.796720954840621554e-01
1.217126457105806248e+00
-1.050538456005858601e+00
9.265350234394326145e-01
1.211779209235757993e+00
-1.068730968941423276e+00
-2.035361510159830467e-02
-6.102022065673000650e-01
-9.979076224639711612e-02
4.109930283462362999e-01
8.538169585808854656e-01
1.328876281028170236e+00
7.065907782940457071e-01
-4.480537921083505015e-01
1.328876281028170236e+00
-1.267400562211142834e+00
9.230984621532178913e-01
9.344888884355514458e-01
8.429267139703292000e-02
9.920206492838917756e-01
1.441588727398939174e-01
-2.324771695185173515e-01
1.000764923311761256e+00
7.261209202452345579e-01
1.127127543586666558e+00
-3.694826375946816954e-01
7.135367481343306562e-01
1.783479088972282633e-01
-1.317223708265045923e-01
-1.022578702037677978e+00
2.416577870635760739e-01
-1.332382322494049864e+00
1.187736893187278486e+00
-4.869045169334729889e-02
-8.233801353895706110e-02
2.171928507671804232e-01
-1.313776791221556550e+00
-2.510561960637379686e-01
1.107799542835806728e+00
-1.125141650218186573e-01
-1.332382300347876747e+00
-6.174735083387810075e-01
6.034938712676026773e-01
8.739632723816291582e-02
1.525079819718423990e-01
6.038987600341737538e-01
7.726061583791736798e-01
2.055754835412536008e-01
9.157874056124419848e-01
-5.210277010040037515e-01
5.190852946213979635e-01
-7.060337601045857392e-01
5.829138758521712482e-01
-7.553940420321437754e-01
-6.095587084074574058e-01
1.117256116216127193e+00
1.328876281028170236e+00
9.755677943227530902e-02
6.773419393994126736e-01
1.660280107315601494e-01
9.946600396334322192e-02
