8.165456302182393378e-01
2.543720828825912772e-01
-6.502949320170052783e-01
1.068334060577109224e+00
1.046383326667033736e-01
-7.240424630734154654e-03
8.918144146749726331e-02
2.458989394492261116e-01
-1.028390404947394199e+00
6.598026201993894002e-01
6.974679347353709424e-01
8.460259298393537630e-01
-1.044093067769387817e+00
8.817442670492126044e-01
-8.085332760493151305e-01
-3.444047600687504262e-01
9.370049128768590530e-01
-1.538659273550456175e-01
1.112021135775205893e+00
5.809812347379363917e-01
2.052971031930628069e-03
-6.053304009871154356e-01
7.050079413721688226e-02
6.137915176760899705e-02
-9.876232104750350960e-01
1.328876281028170236e+00
1.168816709165063861e+00
4.581637905345851136e-01
8.083258875624743656e-01
3.423780188094233123e-01
1.164300154338145488e+00
-1.299066925368561165e+00
-8.333919563553818799e-01
7.920401704146331490e-01
-3.530897552039518605e-01
1.533473888701202270e-01
-5.141691485147135143e-01
4.540866513627790646e-03
7.528981003817274420e-01
2.270111060612719500e-01
-3.048432265220066828e-01
-6.382248036631537058e-01
1.070015747114535953e+00
6.617663643942026108e-02
4.882813396580967802e-01
1.186730488619530899e+00
-2.618012034036131808e-01
-1.965505397781660002e-01
-9.680832760542132931e-01
-6.756654526133093475e-01
-5.742857194725636827e-01
-9.080617007353006254e-02
4.956913565072303407e-01
7.756431751460646229e-02
1.074618689559317941e+00
-6.905931519451525835e-01
5.109759020761405202e-01
2.363795967548148469e-01
-1.426310216684368859e-01
1.940035748422163642e-01
1.595605291365346512e-01
7.957742262473335715e-02
2.371602660709768162e-01
-3.289265266410363875e-01
-8.360591200191933581e-01
-1.031838012499871060e-01
-3.067122482000418926e-01
1.052481537105837361e+00
3.925135258591967991e-01
-1.055386531352893398e+00
7.956150201719833781e-01
1.324356519812435629e+00
-3.788595464873080743e-01
7.610178856132953085e-01
-1.973677529126177665e-02
-9.956291049062602205e-01
-3.865979650029479631e-01
-8.851930631786139037e-01
9.611724349684640512e-01
1.442719435178399512e-02
-4.507353690559681159e-01
7.367421423396761648e-01
-9.615172242523173374e-01
7.581800526016444497e-01
1.669147916968795331e-01
8.183875624160991125e-01
-1.826772349083071179e-01
9.142732632788365121e-01
-2.126539627197030213e-01
5.270147873788800785e-01
6.529872907804524784e-01
1.612905702849420086e-01
4.366777040361814466e-01
1.060415548293440535e+00
-5.819277744032538280e-01
1.504475559493870240e-02
1.186410590769353179e+00
1.452773519318120710e-01
-1.332382322494049864e+00
7.262630832522166680e-01
6.632756989308800089e-01
-1.277802024913700651e-01
-2.540033352841752357e-01
1.360694459929561173e-01
-7.392648568489917915e-01
-7.181354823965159229e-01
-9.819118254283818459e-01
-9.977022672023283523e-02
4.001029698703580939e-01
-5.897341900609145426e-01
4.231591972346868125e-01
-6.480055972486811200e-01
-8.436643169145587040e-02
1.943525550362060761e-01
4.767851346638277144e-01
3.116415378583481943e-01
-9.776696948432069822e-01
-8.466321677986506922e-01
-4.572894709218565668e-01
-3.318575312421262469e-02
-3.683439310167984648e-01
-1.241129865196191950e+00
6.250227620736747980e-02
4.383629322873484613e-01
-1.018154765427209174e+00
-2.746135331751353714e-01
-5.856217083241370691e-01
4.801102370677469144e-01
6.817376406425217084e-02
-2.952580419853028104e-01
8.780975197428851908e-01
5.441688033136998781e-02
4.182273643080213210e-01
6.153789464086212302e-01
-4.756886767110753977e-01
-7.657335175705133334e-01
-3.438368167544877396e-01
2.715466000927545531e-01
-4.293511183009979248e-01
9.655524475358647774e-01
-4.451862885405910575e-01
-4.179912265385813952e-01
-4.993157016676399995e-01
5.345219086748176363e-01
-7.675926196296638526e-01
-7.504131532183069275e-01
9.587673047772156121e-01
8.554166054026592914e-01
-1.501839668117434523e-01
4.683177254256777888e-01
6.229463677752369172e-02
-2.669010080023299092e-01
4.193772513717289319e-01
4.714272856030115449e-02
-1.622792254010858512e-02
1.225263994951113489e-01
-7.341086867229746904e-01
-8.439005800247164624e-01
-1.035901577428084641e+00
5.445536920494163935e-01
1.054216296918193407e+00
-7.418769933544175910e-01
1.058556208646842078e+00
-2.840870909258338406e-01
6.015353812159949243e-01
2.740737912502370643e-01
-6.946468593950700932e-01
7.025775594171664862e-01
1.035173361807151249e+00
1.269495494999612006e+00
9.821763012927747782e-01
9.810810038788121412e-01
-8.462342743350406149e-01
-4.989666384970879442e-01
5.161429041623745162e-01
1.008829255246106726e-01
1.202504020599138856e+00
-4.302570939125929805e-01
-1.448234013860522085e-01
9.054040980764633817e-01
3.363600407499592326e-01
-1.626929345592225407e-01
3.641797448652053099e-02
1.875225696618696147e-01
-1.040396725116390808e+00
1.269059179497639800e+00
-5.786126409623629785e-01
-1.675117735997713742e-01
2.161702281213366827e-01
-9.601046438056369814e-01
-6.274008859558385387e-01
-7.495803554803414093e-01
-3.893193449136438944e-01
-1.329362210427785240e-01
3.105449414352557946e-01
9.722562329024090344e-01
1.095302362141538310e+00
-9.677504797619281840e-01
-2.910827191613570841e-01
-5.734025191654427145e-01
1.901453694512592330e-01
-5.114049741002119065e-02
-2.225419633110373718e-01
-8.475215130215858483e-01
-9.015885118198065928e-01
8.372012262721617581e-01
-2.284077846336524387e-01
1.853808514088077508e-01
6.175549450866679724e-01
-9.908446402352089066e-01
-1.836379990563059283e-01
-3.233021193570758123e-01
2.499688934033297283e-01
-8.313305838113247415e-01
8.260311346071351757e-01
-8.416979364998508073e-01
-1.120215254747990885e+00
6.572051513588375027e-01
-3.351902386636167464e-01
3.679525689258614229e-01
-1.077598372372817748e+00
6.960781860779929886e-02
6.748940200172808268e-01
-5.226683996143945965e-01
-4.709801232967386619e-01
-6.108465975076029508e-01
1.503515348171504118e-01
-3.641280786836608163e-01
-1.039513728103176549e+00
3.227108298455637070e-01
-3.616725735689330090e-01
9.746773010132068205e-01
-1.191291875234221420e+00
7.924907877787836785e-01
-3.076410160660253967e-01
7.526214858425186449e-01
2.258277858965911655e-01
6.818954504559668894e-01
8.528554644409486185e-01
8.912381726289171358e-01
6.959062845813228648e-01
6.183465894134258095e-02
3.028436004950438298e-01
-3.094103635281607589e-01
-1.020464492272123158e-01
7.961397049061929021e-01
-5.230920263611320564e-01
9.205731142940578593e-01
5.779699352433647075e-01
-5.980526451035541591e-01
-1.019701507589240164e+00
5.900270018031313901e-01
-4.342852827921346304e-01
6.795500715643831846e-01
1.694958681044319571e-01
-2.087481500005071433e-01
7.730715419704176083e-01
9.246305654380522210e-01
6.240122564801717786e-01
-3.044802554838187958e-01
-7.279146353773453537e-01
-5.500760713845876948e-01
6.340415515914021860e-03
8.365801319204647646e-01
-7.071163211833522144e-01
9.946600396334273619e-02
