5.494840826847223747e-01
-8.475323103048415518e-02
6.974280540544309792e-01
5.971531839944458353e-01
-1.126551545490497519e+00
5.013220353071967672e-01
1.361221080315166698e-01
-8.022536922606325893e-01
1.213372427810590848e+00
8.427242955552061154e-01
-1.112113233160404224e+00
-9.807451950151312436e-01
4.451424298950421576e-01
1.103520735592267821e+00
2.607732055066956378e-01
1.310763708399813376e+00
-5.204091490093796235e-01
-9.201436471325928901e-01
5.088199011006232508e-01
4.106305578154036962e-01
-1.290973964094791260e+00
-8.117836895355953208e-01
-7.139271960943586182e-01
7.361725071935071307e-01
-5.331528288534054250e-01
-1.908006968168592943e-01
-6.038242375059951206e-01
-1.173031954543140784e-02
8.170321915197829854e-02
-1.133744688220928110e+00
5.331842296735358477e-01
-1.095038768074250296e-01
-1.332382322494049864e+00
7.787907776235325485e-01
4.896579934989349070e-01
5.811348834427214616e-01
-8.222125776399658026e-01
-6.233166772544201928e-01
1.183329541393596029e+00
-1.064690822189086061e+00
-8.130107236851500385e-01
1.099039683702474957e+00
9.153040791737748760e-01
8.724365091845088793e-01
2.153601476238940493e-01
-9.746273897525984387e-01
-9.541186657411696581e-01
-8.738579153395088506e-01
-1.332382322494049864e+00
-6.098414544227654943e-01
-5.450270477333098995e-01
7.413612101837683266e-01
-2.966889810808019945e-01
5.851087968756224500e-01
-1.117864102813758365e+00
1.228094024445932630e+00
-1.318825144561821539e+00
-2.675509840525485128e-01
-2.139153265419882211e-01
-3.944135762202067297e-01
4.135474582856443759e-01
-9.423527616680851260e-01
-1.930306012139330063e-01
5.234433334293917689e-02
-5.237612401140522289e-01
9.094328536970019972e-01
9.643495441393299394e-01
1.900629933887132139e-01
-9.744894401782779880e-01
1.001614132953700942e+00
-9.485058217275482706e-01
9.556603648163401743e-02
1.631900401379221821e-01
-1.332382322494049864e+00
9.921648396053937002e-01
1.216708288103879987e+00
-7.589026449128408736e-01
1.324852082564917710e+00
4.973345767485531921e-01
-9.517489406022449083e-01
-2.324526453965938821e-01
-1.496185147739217125e-01
1.151953317852170366e+00
-2.848254843672379244e-01
-7.620981088721944241e-01
-1.017852206001617965e+00
-6.244286697589148671e-01
-2.804013719818591599e-01
-1.332382322494049864e+00
-4.926490007570678842e-02
1.659200035702111942e-01
-3.640943569118560430e-01
-3.120252179066801967e-01
2.055235150971537195e-01
1.311732034150154158e+00
2.169503123564764657e-01
-1.207838541958351941e+00
-3.225872066923074488e-01
9.386297097513673915e-01
-7.788247723688955515e-02
-7.429668797445445616e-01
1.848016270606485933e-01
-5.804700284466670634e-01
-1.179926057784515869e+00
7.011993275342250087e-02
1.154969999462593488e+00
1.300178427471573306e+00
3.840926054074318974e-01
-1.274029209420652675e+00
-9.336075411321831385e-01
-3.354220140899859259e-02
-1.040848488128597982e+00
-1.014928873270815934e+00
1.277916968078850690e+00
-1.200257268836065760e+00
-1.212154451997104587e+00
7.935283346647835634e-01
6.324018074203870965e-01
-4.550215273993629683e-01
-1.092961290744824954e+00
4.421351003543959601e-01
-8.137015948418135913e-01
3.940823887033824136e-01
1.267337100233962843e-01
9.271378909914850253e-01
1.328876281028170236e+00
5.404205694610986210e-01
-1.129389068283817465e+00
-4.863510633527388244e-02
-8.890650007637015406e-01
-6.903014750154631285e-01
-1.289393605959862965e+00
1.020346164854738724e+00
1.063349512561913117e-02
5.444015102057462308e-01
1.031444248310466438e+00
8.642544793241047074e-01
1.014121120005585075e+00
9.252405925867004388e-01
-5.222236785750467014e-01
-1.332382322494049864e+00
-1.278778717868891412e+00
8.691245027293548198e-01
-1.141725449698865802e+00
7.858168512439690501e-01
1.240308696780254571e+00
3.007863548981546398e-01
5.234650682411308154e-01
-2.207020425114106787e-01
1.097565916619169579e+00
9.833200227877416655e-01
-3.757607462654905528e-01
-2.092753805950934298e-01
-1.214178896125751805e+00
-9.144410813899401802e-01
1.157613392717382395e+00
5.452861539442451777e-01
-6.479808355230556316e-01
3.677751149360078964e-01
1.131752318187953243e-01
-1.250773752469217071e+00
3.306534370636318720e-01
5.568682998092556735e-01
1.954242437862155624e-01
1.892457961611815065e-01
-6.067342171874483547e-01
-1.033446155143823653e+00
3.363061655175643150e-01
-1.332382322494049864e+00
-3.247516751287341519e-01
-5.976986297488226518e-02
1.310161985983641308e+00
3.116307183228029035e-02
-1.330095751666980686e+00
6.477680028390487843e-01
1.238302811299332729e-01
6.995960543411207100e-01
-6.199511389236777442e-02
-6.399627635612832321e-01
-7.360138173083667912e-01
1.063640523605670962e+00
-1.054067539886403448e+00
-5.279001542291411608e-02
9.956397090275910244e-01
-6.743413953397321414e-01
-3.098164532734353216e-01
-9.599965142802974194e-01
1.081391813729794871e+00
-4.739921934451881147e-01
1.104600200605977967e-01
-5.484778003736286989e-01
4.832035532246303222e-01
1.320916666560151054e+00
-1.452259086435505053e-01
-1.932643231061769995e-01
-1.063575859832708081e+00
-6.502775599682089069e-01
-9.109662330683681031e-01
-4.255450841657193450e-01
-3.484131758968980752e-01
-1.330110252308592589e+00
1.517309823431838567e-01
1.469114986338962425e-01
2.530519483282422377e-01
7.411682295450485736e-01
1.038009069029661502e+00
-4.510317194350428327e-01
2.804167121149911401e-01
-6.085196754298666244e-01
-2.322132669094643664e-01
-8.184456464410598195e-03
-8.183171108617155465e-01
1.105558297121097766e+00
1.133919090166250365e+00
5.809468492454410438e-01
7.773884863439149973e-01
1.309646739257341430e+00
7.366242506786090383e-01
-8.215829128425697903e-01
9.631082275475251198e-01
-3.064534806607531470e-02
-9.087533166140989715e-01
3.674374994764201263e-01
-1.742097141014663231e-01
6.247518618391092460e-01
-1.009573253524292946e+00
-9.671361271561974837e-02
1.237561164198543340e+00
-7.534457092249055021e-01
7.139395808693244083e-01
-3.131749381318905123e-01
-3.427411812979719308e-02
-1.247093513032763834e+00
3.199868201379174049e-01
9.401031916188494764e-01
-9.016661790929312303e-01
2.461242772481968544e-01
-8.800143374825734055e-01
9.918539565925547086e-01
-2.221487750245886850e-01
-5.002372821186231722e-01
4.825339240158238452e-01
-2.123187751172249116e-01
-7.721208667198803388e-01
9.593563644883255082e-01
-6.487545692368091865e-01
-1.056722605487596445e+00
8.420973316148794297e-01
7.863754095050442539e-01
-8.476906371024393039e-01
-9.768160814133766134e-01
8.856325908195794572e-01
-3.169541952954345043e-01
9.450625333152626872e-01
5.856304326978592489e-02
-8.728766365387201631e-01
-1.319070562613621433e+00
6.333906603618787434e-01
2.011286108195375899e-01
-8.010130607042917905e-01
-7.064521975496583783e-01
-8.027540759964835182e-01
-8.522369734588411405e-02
-6.297340851876941370e-01
4.086787645499402877e-01
9.946600396334183414e-02
