-6.703252666427861328e-01
-3.811084030290654567e-01
-3.834024082615564155e-01
1.293527193172179679e+00
-2.204434213074585869e-01
1.056437788245419229e+00
1.219470260616343671e+00
-7.780415081615311701e-01
-6.951672012075945650e-01
3.656757446851553739e-02
-1.054051845093859630e+00
6.730118048002603492e-01
-1.212188416041839911e+00
-3.336203999271345477e-01
1.185206042669604054e+00
2.444023763967390905e-01
2.192898682270152111e-01
4.577756326177297996e-01
-1.039812732691179908e+00
-1.247686563113396652e+00
-1.115925666691983231e+00
-1.194977748457226374e+00
8.541755942618720621e-01
-1.504459067415262197e-01
-1.149955706417889606e-01
-9.677011873729641778e-01
7.950386633829352734e-01
4.592584367035854598e-01
3.994710449869077196e-01
5.267995928263453642e-01
-3.944217444609709466e-01
-7.463525686384629987e-01
8.374491151626943797e-01
-1.256266750117159159e+00
1.232361405495132067e-01
-2.640364211400632044e-01
9.384444795479010004e-01
2.584211366743163207e-01
1.030553376490348727e+00
-4.229713372356565526e-01
-1.214267370638073135e-01
4.054684890619646986e-01
-5.776493542936555689e-03
1.052150103444114304e+00
-8.132961856726000915e-02
-6.855678892151966242e-01
-4.849145291246966805e-01
2.616285229889670494e-01
-2.649540145022659665e-01
3.562515188396564447e-01
1.047666884403485321e+00
6.713631949773861685e-01
-9.450000591292409546e-02
4.095289435971526948e-01
1.803803570335326123e-01
-2.445455823693120645e-01
-1.234697421990753829e+00
3.948203981352478298e-01
8.531515462081250556e-01
-1.198731780758528709e+00
-2.036060557977214247e-01
-8.089843707005259787e-01
-6.316404858337542061e-01
-1.093119859316944442e+00
-1.004979682084745862e+00
1.328742988651400614e+00
-8.297777533000885164e-01
4.395701092356666950e-01
1.236162941081425881e+00
1.672680856192343413e-01
8.066194643938993936e-02
-6.602307069685192653e-01
6.456435881648450170e-01
-1.290659209979794886e+00
1.085592001423467456e+00
-5.967271614477566155e-01
-1.332382322494049864e+00
-1.047664181817709261e+00
1.088030174552871987e+00
2.348814263940221178e-02
1.328876281028164241e+00
1.204497859850613972e+00
2.261325520388113991e-02
-3.592335430710566491e-03
3.508030813081484123e-01
8.612457531836280600e-01
-6.504583436436215393e-01
-1.935215182624796804e-01
-2.669977631581484379e-01
3.660850112244649068e-01
9.423169988511168604e-01
4.077024713796796596e-02
9.304736948034092459e-02
-1.318620298448330619e+00
-1.332382322162721566e+00
1.136623455196865695e+00
1.263066697598458354e+00
3.881406242023165420e-01
-3.575881616454325562e-01
-7.063814759406843446e-01
-9.677606357502249734e-01
-1.167535930063277716e+00
8.653645031559275003e-01
-9.012228047644306184e-01
1.177640799270411431e+00
1.896942287353327039e-01
6.388739094982599509e-01
-1.076974453379897501e+00
6.955272560185352670e-01
3.463362652528265140e-01
7.843634220812601976e-01
4.929002713900675348e-01
-8.696192451288993208e-01
-7.850568504388885094e-01
8.269553031719290015e-01
2.644687594630491523e-01
1.051457956088664769e+00
1.190308562119641422e+00
5.079104471471776461e-02
2.816305198408429744e-01
-9.775096032520403933e-01
8.445932511698140965e-01
-7.077843987720033869e-02
-2.231726210291292978e-01
-1.579883572291100047e-01
1.077965546683326892e+00
5.454953077221046387e-01
1.176550460602150183e+00
8.037819702823729706e-01
-4.925760780159293972e-01
1.152356149201749780e+00
2.595021980650861204e-01
6.322341034672336324e-01
9.223031712325956144e-02
6.181475628324238913e-01
-1.201465152804899406e+00
5.104131752100259378e-01
-7.679923651954725372e-01
-3.437065961824177229e-01
-1.101582425925501374e+00
-1.101303538561343442e+00
-7.786000538718921282e-01
2.271393016130793252e-01
-2.760986354768990014e-01
8.942866529802495634e-01
9.617676734036335884e-02
2.825648176997297978e-01
2.990234121232220321e-01
-3.185559869923382248e-01
-9.597124861324185519e-01
5.047229598271558704e-01
-1.429371471625705270e-01
9.608380801525766568e-01
-6.508859666991763104e-01
-1.217663226215405653e-01
-7.877015356839592863e-01
7.729035533844137718e-02
4.704046847167398654e-02
-1.149970957244563330e+00
-5.712225526519943974e-01
-8.438142730554382132e-01
-6.766713233111101289e-01
-4.958433247899982077e-01
6.619117842693981180e-01
-4.210487589033548028e-01
9.413705150915735453e-02
-1.312188175812890878e-01
3.438183214319439074e-01
-7.581359851056883592e-01
-7.163502837356680031e-01
2.859042826119544412e-01
1.864849019916687833e-01
1.325458953517541616e+00
9.852523632447580670e-01
1.034164060107314320e+00
-5.458084417093312934e-01
-7.847013545941529111e-01
4.538981415585013890e-01
-2.996253217213852849e-01
-1.332382322494049864e+00
1.084177807367685091e-02
1.328876281028164241e+00
4.955280129694342173e-01
3.947052580740574856e-01
-1.417532909497573046e-01
-7.152040684046503394e-01
-1.018007509977402747e-01
2.523486332907617924e-01
-8.947873753335425784e-01
7.097306789025981111e-01
9.743324515180279422e-01
2.324622469833229343e-01
-7.694153996425794340e-01
-1.193108985974351111e+00
5.160147295348134211e-01
3.760795342598146629e-01
1.055699267866928359e+00
-4.078219272925990846e-01
1.086573915868719098e+00
1.300262586720275948e+00
-3.865456377497408225e-01
1.015960764614276091e+00
9.911351956733156499e-01
8.176299720802264748e-01
-1.125231409180397435e+00
2.700002605902042108e-01
6.748510093107541463e-01
-3.634922063127630221e-01
-1.023560150382482048e+00
-1.016764163292427914e-01
-3.835294952551171477e-01
4.308136286365850109e-01
-7.491448626038935688e-01
7.453328541178826372e-01
-6.475837596561423437e-01
2.158058106773644291e-01
-4.448208059900997657e-01
1.328876281028164241e+00
-6.834804844656311440e-02
-4.537240921647402447e-01
-1.316724113550238773e+00
-3.842006148720099046e-01
4.674708943024075136e-01
-3.865933768523679981e-01
7.000527571906441926e-01
-7.725202522728731314e-01
6.909199375720656011e-01
-1.301351113141556048e+00
-4.783325902146285391e-01
-2.148310501645081805e-01
-4.871195755796806637e-01
-4.030182744731015121e-01
1.126235875572567213e+00
-9.848227133335719641e-01
6.860948523736724869e-02
-5.857373665576774968e-01
1.163574316178943580e+00
1.275051475508937715e+00
1.024172212593293718e+00
-9.821984206471394696e-01
7.419255435850536928e-01
-1.100638287536849891e+00
-7.472399937699691908e-01
-1.755551415925604153e-01
1.310257166445468080e+00
-9.630677718570163082e-01
-6.605217217313502642e-01
4.708887327693579428e-01
3.890545109704468540e-01
4.943940171628173341e-01
-1.148830788073402109e+00
-7.149152880355432726e-01
1.262779214787047133e+00
3.021144227432588369e-01
-9.130981569124199670e-02
6.914234222754238601e-01
-4.297863754210842768e-01
3.092689391784982367e-01
1.302773684079179928e+00
-3.799993977540470635e-01
-3.019046616447212950e-01
9.471342028967894011e-01
-7.104271085964306565e-01
-1.314160855671406392e+00
1.081358364540688566e+00
9.946600396333955818e-02
