

gen best mean std div
0 49.187883 -3.961783 7.539857 0.76141
1 49.187883 -1.319653 10.489567 0.748294
2 49.21463 3.212892 13.454058 0.741714
3 64.414915 10.094673 16.203833 0.732519
4 64.455799 17.474422 18.707052 0.715451
5 74.864849 27.504628 19.401344 0.665109
6 78.409931 33.491675 20.303668 0.60635
7 78.409931 40.054717 20.455906 0.530666
8 78.409931 45.275219 19.102718 0.443773
9 78.409931 50.015258 18.067566 0.34159
10 78.409931 52.857169 16.358137 0.249627
11 78.409931 54.767845 14.896411 0.177652
12 78.409931 56.115419 13.869369 0.131555
13 78.409931 57.080865 14.355979 0.092932
14 78.409931 56.141476 15.623737 0.094292
15 78.409931 56.687828 15.047001 0.093831
16 78.409931 56.346679 15.833253 0.093715
17 78.409931 57.380461 15.613842 0.095269
18 78.740128 58.044327 16.128386 0.095018
19 78.740128 58.853336 15.746934 0.095884
20 78.740128 58.897742 15.983981 0.096931
21 78.740128 59.167442 15.45684 0.096828
22 78.740128 58.205963 16.336302 0.099059
23 78.740128 58.279899 16.371442 0.098957
24 78.740128 59.088238 16.788197 0.098325
25 78.740128 58.870717 15.70186 0.097909
26 78.740128 60.220701 15.217008 0.09803
27 78.747947 60.133798 15.451373 0.098302
28 78.747947 60.735352 15.554884 0.09631
29 78.747947 60.546402 15.862468 0.097198
30 78.747947 61.135447 15.223565 0.097503
31 78.747947 60.871321 15.424128 0.098456
32 78.747947 61.469092 14.920291 0.098197
33 78.747947 60.493376 15.90218 0.096524
34 78.747947 60.80065 15.548051 0.096217
35 78.747947 60.897124 16.341215 0.095626
36 78.747947 61.46126 15.884844 0.094832
37 78.747947 60.319882 15.51194 0.095046
38 78.747947 60.907883 15.567396 0.096294
39 78.747947 61.880915 14.568253 0.095649
40 78.748592 62.538052 14.295981 0.095358
41 78.748592 62.297467 14.57434 0.094735
42 78.748592 63.028126 14.241941 0.096042
43 78.748592 62.183715 14.882167 0.096857
44 78.753305 61.264626 15.638924 0.097012
45 78.753305 61.841235 15.638482 0.096456
46 84.564623 62.871267 15.147329 0.095544
47 84.564623 63.94769 14.813572 0.094374
48 84.564623 64.612761 14.144793 0.095607
49 84.564623 63.061672 14.954519 0.096892
50 84.564623 62.313898 14.841251 0.095679
51 84.564623 62.994153 14.585037 0.095134
52 84.564623 64.157849 13.856523 0.093016
53 84.564623 63.275523 14.16092 0.092848
54 84.564623 64.340608 13.919877 0.092039
55 84.564623 63.525856 15.022871 0.091076
56 84.564623 62.588147 15.358715 0.091175
57 84.564623 62.891166 15.11022 0.091758
58 84.564623 62.81402 15.585199 0.090457
59 84.564623 63.378455 15.530293 0.089767
60 84.564623 63.090299 15.454432 0.088126
61 84.564623 63.375272 14.492863 0.087445
62 84.564623 64.650853 14.003902 0.086064
63 84.564623 65.05512 13.437339 0.085531
64 84.564623 63.818369 14.104419 0.086075
65 84.564623 63.72736 13.74922 0.085859
66 84.564623 63.853217 13.551048 0.085729
67 84.564623 63.851457 13.730807 0.08631
68 84.564623 64.47264 13.118058 0.087574
69 84.564623 64.165978 13.770568 0.087316
70 84.564623 63.346647 13.923876 0.087693
71 84.586002 63.76379 13.724318 0.08784
72 84.586002 64.237184 13.950943 0.087508
73 84.586002 63.097467 14.751914 0.088124
74 84.586002 63.527722 14.554968 0.087474
75 84.586002 63.765855 14.396284 0.088958
76 84.586002 63.596872 14.265527 0.08869
77 84.586002 62.602037 14.079174 0.088009
78 84.586002 62.339773 14.818059 0.086598
79 84.586002 62.344933 14.303505 0.087137
80 84.586002 62.042138 14.956602 0.087532
81 84.586002 61.700419 14.79457 0.088333
82 84.586002 61.963134 14.874106 0.089634
83 85.376797 61.109995 15.620749 0.090259
84 85.376797 61.493942 15.433038 0.090175
85 85.376797 62.233696 15.103432 0.09123
86 85.376797 60.930749 15.311579 0.092744
87 85.376797 61.235109 14.768924 0.093839
88 85.376797 61.183496 14.588048 0.096283
89 85.376797 61.99119 14.965277 0.09799
90 85.376797 60.671066 15.179423 0.100017
91 85.376797 59.96617 15.839402 0.100556
92 85.376797 60.212483 15.302499 0.100153
93 85.376797 60.780599 14.945744 0.100988
94 85.376797 61.731321 14.246101 0.102007
95 85.376797 61.662548 14.011587 0.102768
96 85.376797 62.100437 13.918128 0.102694
97 85.376797 61.044311 14.561276 0.101359
98 85.376797 62.012778 14.033225 0.101533
99 85.376797 62.52667 13.289226 0.103515
100 85.376797 62.893037 12.661668 0.103589
101 85.376797 63.887541 12.694672 0.104604
102 85.376797 63.240958 13.487534 0.106076
103 85.376797 63.361369 13.935857 0.108484
104 85.376797 62.346457 14.98142 0.109008
105 85.376797 62.9503 14.28587 0.109969
106 85.376797 63.667199 13.756462 0.107799
107 85.376797 63.484707 13.804048 0.106187
108 85.376797 63.47717 14.363963 0.106759
109 85.376797 64.321878 14.029233 0.109631
110 85.376797 64.713128 13.236947 0.109076
111 85.376797 64.095849 13.530562 0.109981
112 85.376797 63.560828 13.972483 0.111352
113 85.376797 63.417321 13.291711 0.114635
114 85.376797 62.957989 14.09223 0.112914
115 85.376797 63.815487 13.758878 0.112602
116 85.376797 64.491966 13.605273 0.114028
117 85.376797 63.463266 14.275875 0.115146
118 85.376797 63.668774 15.130145 0.117251
119 85.376797 63.01507 15.442493 0.114505
120 85.376797 63.153983 16.119933 0.114431
121 85.376797 63.329592 14.807762 0.113257
122 85.376797 64.540669 13.853214 0.114456
123 85.376797 64.473268 14.163132 0.113962
124 85.376797 64.944038 13.689725 0.114893
125 85.376797 63.023502 14.44254 0.115715
126 85.376797 64.054787 13.386081 0.113779
127 85.376797 63.468301 13.677014 0.11322
128 85.376797 63.463837 14.475097 0.114082
129 85.376797 64.229984 13.828064 0.113937
130 85.376797 63.251284 14.365848 0.116733
131 85.376797 62.929391 14.968094 0.117156
132 85.376797 64.211141 14.951286 0.117785
133 85.376797 65.497357 13.36759 0.118062
134 85.376797 66.614098 12.570762 0.117307
135 85.376797 66.792131 12.77094 0.11713
136 85.376797 66.978654 12.987549 0.118157
137 85.376797 66.567201 12.854535 0.117843
138 85.376797 66.117577 12.673868 0.117765
139 85.376797 64.549959 13.62277 0.118371
140 86.201114 65.799352 13.041304 0.119017
141 86.201114 65.338836 13.757353 0.119265
142 86.201114 64.518998 14.136272 0.119956
143 86.201114 64.52712 14.150166 0.118164
144 86.201114 63.818247 14.366849 0.117845
145 86.201114 63.183668 14.078157 0.11775
146 86.201114 63.198766 13.838119 0.118654
147 86.201114 64.097636 13.392557 0.118522
148 86.201114 63.568761 13.366838 0.117485
149 86.201114 63.595292 13.626716 0.11568
150 86.201114 64.236226 13.42818 0.113734
151 86.201114 64.012967 14.061145 0.113886
152 86.201114 64.637153 13.174522 0.11561
153 86.201114 64.171277 13.919454 0.116181
154 86.201114 62.936851 14.697458 0.116807
155 86.201114 63.613473 14.186984 0.114892
156 86.201114 63.770368 14.35966 0.114402
157 86.201114 64.471077 13.124305 0.117036
158 86.201114 64.462166 13.066683 0.118706
159 86.201114 64.357478 13.982605 0.120209
160 86.201114 65.187927 13.552272 0.121015
161 86.201114 63.579382 13.454059 0.12109
162 86.201114 62.563609 14.628417 0.120536
163 86.201114 63.492443 14.504923 0.121291
164 86.201114 63.095294 14.882632 0.120488
165 86.201114 63.153698 14.540963 0.12034
166 86.201114 62.537665 14.562618 0.120581
167 86.201114 62.69223 14.325074 0.120842
168 86.201114 62.607817 14.216742 0.117237
169 86.201114 61.995414 14.481338 0.116708
170 86.201114 62.704714 14.342288 0.116518
171 86.201114 62.05049 14.203924 0.11598
172 86.201114 62.181577 14.138096 0.112472
173 86.201114 61.930716 14.133562 0.112985
174 86.201114 61.89686 14.220242 0.113401
175 86.201114 62.990996 13.621002 0.113044
176 86.201114 62.107429 14.763608 0.108266
177 86.201114 62.147531 14.401645 0.107645
178 86.201114 63.132423 14.107944 0.107515
179 86.201114 62.311672 14.536246 0.104377
180 86.201114 63.347876 14.422771 0.102004
181 86.201114 62.608742 14.858084 0.103202
182 86.201114 63.561816 14.971811 0.101169
183 86.201114 64.515638 13.759317 0.100601
184 86.201114 64.312743 13.883743 0.10229
185 86.201114 64.503947 13.871236 0.09883
186 86.201114 62.585964 14.685162 0.102138
187 86.201114 63.672415 14.771856 0.102236
188 86.201114 64.075423 14.435214 0.101495
189 86.201114 63.788025 14.604886 0.100843
190 86.201114 64.133431 14.824286 0.096531
191 86.201114 64.150305 14.843106 0.098039
192 86.201114 65.292855 14.139474 0.09809
193 86.201114 64.702997 14.59613 0.095804
194 86.201114 64.676302 15.391332 0.096725
195 86.201114 64.601521 14.946976 0.096283
196 86.201114 64.328536 15.643736 0.096204
197 86.201114 65.239034 15.311484 0.0963
198 86.201114 66.386982 14.485934 0.097639
199 86.201114 65.905207 14.62239 0.094742