

gen best mean std div
0 47.690088 -1.401298 10.64069 0.761236
1 58.746844 2.636622 13.961815 0.751757
2 58.77389 8.69573 16.71156 0.746352
3 64.609837 15.380266 19.239017 0.734888
4 64.609837 23.837117 18.655015 0.714906
5 66.31071 30.817937 18.336709 0.68502
6 66.31071 37.71825 15.673838 0.630645
7 78.811127 41.418105 14.184476 0.574848
8 78.811127 44.45441 13.025802 0.504758
9 78.811127 46.622422 11.984914 0.464431
10 78.811127 47.276188 10.66499 0.42873
11 78.811127 47.23105 11.079073 0.418103
12 78.811127 47.104034 11.255875 0.370063
13 78.811127 47.790773 10.850779 0.357326
14 78.811127 48.288054 11.226457 0.33883
15 78.811127 48.376706 11.773441 0.322639
16 78.811127 49.432614 12.275848 0.333057
17 78.811127 50.385013 12.381137 0.321818
18 78.811127 51.347023 11.787413 0.306439
19 78.811127 51.799239 11.928317 0.275813
20 78.811127 51.131594 12.225077 0.247688
21 79.072045 51.877248 13.483625 0.212602
22 79.072045 52.632299 13.232031 0.199464
23 79.072045 53.079131 13.067502 0.186814
24 79.072045 53.035507 13.394531 0.150067
25 79.072045 53.328459 13.03372 0.1512
26 79.072045 53.93069 13.52817 0.150286
27 79.072045 54.457249 13.651946 0.15064
28 79.072045 53.508137 14.779161 0.152389
29 79.072045 53.283442 14.943533 0.128499
30 79.072045 53.433509 14.716673 0.128583
31 79.072045 53.553353 14.15881 0.129239
32 79.072045 53.524222 13.933943 0.129927
33 79.072045 53.205385 13.941789 0.131052
34 79.072045 52.954219 13.827708 0.130085
35 79.072045 53.94691 13.094848 0.131087
36 79.072045 54.185799 12.801803 0.13089
37 79.072045 53.428634 13.66616 0.130096
38 79.072045 53.411584 13.980999 0.128595
39 79.072045 53.319131 13.597895 0.129734
40 79.072045 53.460796 13.355435 0.131092
41 79.072045 54.018808 13.670681 0.130271
42 79.072045 53.562392 13.653307 0.131105
43 79.072045 52.048199 14.576764 0.130975
44 79.072045 51.870852 14.846015 0.130657
45 79.072045 52.161031 14.593706 0.097936
46 79.072045 52.330292 14.76034 0.098047
47 79.072045 52.704696 14.441258 0.099362
48 79.072045 52.708155 14.604859 0.098914
49 79.072045 52.265346 14.343224 0.09946
50 79.072045 52.489595 13.828293 0.099467
51 79.072045 52.819601 13.311919 0.100636
52 79.072045 53.060594 14.442212 0.099882
53 79.072045 53.428835 14.389556 0.097714
54 79.072045 53.393663 14.13513 0.098723
55 79.072045 53.061542 13.639268 0.099036
56 79.072045 52.410289 13.935791 0.100343
57 79.072045 53.002057 13.634287 0.102222
58 79.072045 52.467348 14.079388 0.102282
59 79.072045 52.19459 14.190191 0.103074
60 79.072045 52.153774 13.68761 0.101527
61 79.072045 52.572739 13.62338 0.102733
62 79.33599 51.93311 13.604003 0.103728
63 79.33599 53.412031 13.310164 0.103127
64 79.33599 53.632515 13.323975 0.104563
65 79.33599 52.16659 14.579634 0.10327
66 79.33599 51.15308 15.283215 0.102925
67 79.33599 50.960968 14.666389 0.103621
68 79.33599 52.433598 13.638759 0.102778
69 79.33599 52.544834 14.019729 0.099428
70 79.33599 52.502231 13.998809 0.099007
71 79.33599 51.912321 13.764677 0.099898
72 79.33599 52.393582 13.237444 0.099767
73 79.33599 52.16927 12.301392 0.100512
74 79.33599 51.197291 12.546855 0.102035
75 79.33599 51.334443 12.878679 0.104529
76 79.33599 50.802285 13.688592 0.102039
77 79.33599 50.697563 14.148372 0.10224
78 79.33599 52.093896 14.113263 0.103647
79 79.33599 52.439225 13.676149 0.102234
80 79.33599 52.912483 13.485377 0.097808
81 79.33599 52.887593 14.0039 0.096657
82 79.33599 52.655856 14.274973 0.09701
83 79.33599 52.42187 14.429408 0.096798
84 79.33599 51.667663 13.727356 0.091574
85 79.33599 51.2839 14.950257 0.092711
86 79.33599 51.49014 15.260186 0.094547
87 79.33599 52.367408 15.011685 0.093148
88 79.33599 51.96147 15.54875 0.089102
89 79.33599 53.006866 14.504243 0.088933
90 79.33599 53.620586 14.042839 0.084635
91 79.33599 53.230421 14.430229 0.084272
92 79.33599 53.367392 13.858558 0.083334
93 79.33599 53.604104 14.788337 0.080614
94 79.33599 54.334222 14.007986 0.080882
95 79.33599 54.649225 14.069804 0.080486
96 79.33599 54.042955 14.41792 0.080295
97 79.33599 53.260253 14.953199 0.081454
98 79.33599 52.83737 14.70762 0.080454
99 79.33599 53.259315 15.04013 0.082249
100 79.33599 54.100421 15.012227 0.081745
101 79.33599 53.931784 15.008595 0.082469
102 79.33599 52.862197 16.404044 0.082903
103 79.33599 53.229549 15.37514 0.083236
104 79.33599 53.021307 15.751617 0.082647
105 79.33599 53.529223 15.442709 0.085315
106 79.33599 52.148716 16.928702 0.083948
107 79.33599 53.054446 16.436371 0.080424
108 79.33599 53.030355 15.89219 0.078869
109 79.33599 53.553013 15.742017 0.078967
110 79.33599 53.378176 15.746923 0.079102
111 79.33599 53.852157 15.107235 0.07861
112 79.33599 54.737257 14.253602 0.081818
113 79.33599 55.177391 13.892954 0.082331
114 79.33599 54.744273 14.360866 0.083266
115 79.33599 53.424557 14.158843 0.084047
116 79.33599 52.745614 13.984185 0.085508
117 79.33599 51.818243 14.066973 0.088035
118 79.33599 52.404597 13.631376 0.090702
119 79.33599 52.69563 13.637593 0.089523
120 79.33599 52.39463 13.022381 0.08893
121 79.33599 52.225917 13.215346 0.089464
122 79.33599 52.570334 13.127389 0.088488
123 79.33599 52.758161 13.60587 0.087522
124 79.33599 53.163959 13.249274 0.085272
125 79.33599 52.164937 13.540268 0.081767
126 79.33599 51.167721 14.660096 0.080554
127 79.33599 51.638515 14.183215 0.08308
128 79.33599 50.97032 13.870819 0.081546
129 79.33599 51.770115 13.489341 0.082279
130 79.33599 51.006765 13.928632 0.083476
131 79.33599 50.50946 14.60384 0.082994
132 79.33599 51.554389 14.168242 0.084005
133 79.33599 51.241782 14.661087 0.083771
134 79.33599 51.959189 14.472695 0.084224
135 79.33599 51.772154 13.948467 0.081289
136 79.33599 52.15505 13.561928 0.08162
137 79.33599 53.093857 13.397825 0.080854
138 79.33599 53.432774 13.250618 0.079457
139 79.33599 52.921719 13.474407 0.0824
140 79.33599 52.09358 13.582634 0.083836
141 79.33599 51.349648 14.349402 0.082999
142 79.33599 51.243089 13.694889 0.082773
143 79.33599 50.887848 13.818635 0.082445
144 79.33599 51.687012 13.790262 0.080692
145 79.33599 51.883922 13.17484 0.08327
146 79.33599 51.763775 13.033137 0.083025
147 79.33599 52.012029 13.661197 0.082962
148 79.33599 51.769172 12.984107 0.08265
149 79.33599 51.194872 13.295705 0.084546
150 79.33599 51.493431 14.269264 0.083157
151 79.33599 50.836831 14.296128 0.084234
152 79.33599 51.890434 14.14145 0.083565
153 79.33599 52.282056 13.893588 0.084066
154 79.33599 52.048841 13.859977 0.085678
155 79.33599 52.548633 13.081861 0.08321
156 79.33599 51.952402 13.627909 0.084909
157 79.33599 51.314082 14.45176 0.084216
158 79.33599 51.293238 14.586065 0.083212
159 79.33599 52.521197 13.568051 0.08269
160 79.33599 52.585625 13.895545 0.084483
161 79.33599 52.193917 14.106119 0.082528
162 79.33599 52.082193 14.246022 0.082152
163 79.33599 54.104093 13.450795 0.083639
164 79.33599 54.017129 13.556339 0.082319
165 79.33599 53.283216 14.154799 0.082341
166 79.33599 52.792568 14.909059 0.080384
167 79.33599 53.905473 14.459901 0.080924
168 79.33599 53.589683 14.396827 0.079276
169 79.33599 53.660735 14.07329 0.080125
170 79.33599 53.783441 15.250861 0.080157
171 79.33599 53.715466 15.18054 0.081959
172 79.33599 52.976537 16.063934 0.082823
173 84.487697 52.58946 15.937844 0.082359
174 84.487697 52.299331 15.503657 0.082588
175 84.487697 53.444653 14.691955 0.084717
176 84.487697 54.115658 14.49447 0.088006
177 84.487697 54.00199 15.431078 0.090041
178 84.487697 55.168052 14.970275 0.090382
179 84.487697 54.941105 15.353912 0.093248
180 85.325953 55.264625 15.595316 0.094579
181 85.325953 55.255466 15.671309 0.095484
182 85.325953 55.53605 15.27622 0.096389
183 85.325953 57.055378 14.30766 0.097308
184 85.325953 57.385534 13.807921 0.098503
185 85.325953 57.961229 14.206494 0.100988
186 85.325953 58.387973 14.825097 0.100789
187 85.325953 57.982833 15.067245 0.101854
188 85.325953 57.203627 15.12027 0.102031
189 85.325953 57.393842 14.538265 0.103759
190 85.325953 57.839268 14.355558 0.10433
191 86.98674 58.043505 15.165401 0.104696
192 86.98674 58.418483 15.490835 0.105151
193 86.98674 58.492424 15.474549 0.102842
194 86.98674 58.142504 15.849852 0.101334
195 86.98674 58.35859 16.118624 0.101882
196 86.98674 58.445202 15.651297 0.101221
197 86.98674 58.934196 15.459007 0.101195
198 86.98674 59.361944 15.239209 0.100366
199 86.98674 58.546501 16.305519 0.0996