

gen best mean std div
0 46.416789 -2.418535 8.274022 0.763865
1 46.416789 0.002978 10.860723 0.752872
2 46.416789 5.328585 14.107939 0.745854
3 46.550062 12.317958 15.726167 0.73554
4 56.015693 20.668407 15.670455 0.715346
5 70.152375 27.553868 15.431603 0.686511
6 70.152375 32.326037 13.946909 0.653289
7 70.152375 35.853182 13.479481 0.619641
8 70.152375 39.600997 11.353344 0.585056
9 70.152375 40.591939 12.260361 0.572922
10 79.451708 42.693978 12.891427 0.567972
11 79.451708 44.763444 13.499057 0.558169
12 79.451708 44.838432 14.918953 0.545467
13 79.451708 47.70563 15.278323 0.533595
14 79.451708 48.603081 15.116802 0.524722
15 79.451708 50.061051 15.233064 0.497784
16 79.451708 50.838406 16.503424 0.487009
17 79.451708 53.396532 15.627313 0.442455
18 79.451708 53.397293 16.36453 0.418936
19 79.954612 55.771073 15.94235 0.370382
20 90.524183 56.089052 16.662368 0.365226
21 90.524183 56.623561 17.07094 0.31642
22 90.524183 58.109521 16.394127 0.279057
23 90.524183 60.019814 15.683838 0.2599
24 90.524183 59.804206 15.617865 0.226746
25 90.524183 61.303468 15.717827 0.227713
26 90.524183 61.212736 15.759027 0.216432
27 90.524183 62.367616 15.116079 0.229084
28 90.524183 62.230806 16.03192 0.217517
29 90.524183 63.25524 15.643063 0.189838
30 90.524183 61.492234 17.269506 0.173925
31 90.524183 63.48704 16.299404 0.174403
32 90.524183 63.575135 16.860191 0.15438
33 90.524183 63.55165 17.547638 0.154272
34 90.524183 63.840434 17.460259 0.153894
35 90.524183 63.034237 17.336685 0.154038
36 90.524183 62.788835 18.033097 0.153946
37 90.524183 61.582925 17.535439 0.153766
38 90.524183 60.975546 17.358679 0.154087
39 90.524183 61.512579 17.981013 0.090682
40 90.524183 62.100423 17.507418 0.091447
41 90.524183 58.860079 18.397643 0.092363
42 90.524183 60.283458 18.139454 0.090945
43 90.524183 61.346411 17.45404 0.09182
44 90.524183 61.739549 17.724499 0.090553
45 90.524183 60.459781 20.062711 0.088341
46 90.524183 62.107467 18.574429 0.087529
47 90.524183 62.37457 17.577021 0.08512
48 90.524183 63.872085 16.939235 0.083445
49 90.524183 63.422593 18.008144 0.082223
50 90.524183 63.037965 18.037354 0.080503
51 90.524183 64.012302 17.494743 0.079788
52 90.524183 63.842163 16.954826 0.07859
53 90.524183 63.544952 17.838064 0.077123
54 90.524183 62.863113 17.472372 0.077848
55 90.524183 63.910411 17.675806 0.075051
56 90.524183 63.969358 17.301724 0.07642
57 90.62173 64.482153 17.377376 0.077677
58 90.62173 63.525046 18.387969 0.077877
59 90.62173 64.272199 17.486971 0.07724
60 90.62173 63.579752 18.059664 0.078706
61 90.62173 62.686599 18.336349 0.078355
62 90.62173 64.857793 17.272851 0.077709
63 90.62173 65.603282 16.733446 0.078088
64 90.62173 65.916812 16.310893 0.079194
65 90.62173 67.206815 15.024225 0.079391
66 90.62173 66.616743 15.179629 0.081349
67 90.62173 65.70554 15.920135 0.081881
68 90.62173 65.499023 16.451814 0.080285
69 90.62173 64.681482 16.532345 0.080151
70 90.62173 63.144263 18.470877 0.081747
71 90.62173 62.891932 17.376012 0.083612
72 90.62173 62.650629 17.720224 0.083336
73 90.62173 63.483768 17.989806 0.084046
74 90.62173 64.203079 16.583839 0.084198
75 90.62173 63.71749 16.46851 0.084519
76 90.62173 63.347066 16.91555 0.082879
77 90.62173 64.162343 17.108724 0.084387
78 90.62173 63.593197 17.73953 0.084487
79 90.62173 62.834527 18.701894 0.082694
80 90.62173 63.018959 18.845365 0.083021
81 90.62173 64.352477 17.83831 0.084517
82 90.62173 65.422723 16.854375 0.083431
83 90.62173 65.082813 16.532431 0.083177
84 90.62173 65.568333 16.038827 0.08313
85 90.62173 66.419952 15.830918 0.083466
86 90.62173 64.306465 17.000118 0.08475
87 90.62173 65.295037 15.295481 0.08454
88 90.62173 66.556489 14.980712 0.085213
89 90.62173 66.873406 15.079614 0.084382
90 90.62173 65.011585 16.374169 0.085189
91 90.747143 66.058352 16.838295 0.085015
92 90.747143 66.460871 15.966606 0.0861
93 90.747143 67.778816 14.745477 0.085372
94 90.747143 65.393978 16.8286 0.085565
95 90.747143 64.009552 18.060422 0.086883
96 90.747143 64.042136 17.611748 0.086158
97 90.747143 63.071169 18.187537 0.085721
98 90.747143 62.535319 18.682424 0.08528
99 90.747143 63.964243 16.898009 0.089299
100 90.747143 62.769294 17.635222 0.088251
101 90.747143 62.739444 18.032023 0.089731
102 90.747143 64.199007 17.211872 0.090634
103 90.747143 64.968155 17.40382 0.091783
104 90.747143 66.029765 17.786479 0.092853
105 90.747143 64.542986 18.571922 0.093887
106 90.747143 64.618306 18.585006 0.094057
107 90.747143 65.834641 17.113343 0.094037
108 90.747143 66.379126 16.546068 0.091568
109 90.747143 64.623933 18.265938 0.091719
110 90.747143 63.754474 18.27947 0.091072
111 90.747143 65.278114 16.760118 0.090725
112 90.747143 66.485197 15.68973 0.089594
113 90.747143 65.244603 17.440651 0.088549
114 90.747143 64.03341 18.009599 0.088027
115 90.747143 64.651112 18.040565 0.087645
116 90.747143 62.835641 18.540167 0.088312
117 90.747143 63.505121 18.764687 0.089186
118 90.747143 65.444467 18.095785 0.087277
119 90.747143 65.211594 17.815802 0.086586
120 90.747143 66.317629 16.935907 0.084865
121 90.747143 63.98459 18.590308 0.086811
122 90.747143 65.434723 17.754566 0.087072
123 90.747143 66.951869 16.751982 0.086688
124 90.747143 67.775503 16.427008 0.085127
125 90.747143 67.665317 16.738899 0.085038
126 90.747143 68.077686 16.681468 0.085174
127 90.747143 67.837135 16.577861 0.086076
128 90.747143 68.121856 16.798254 0.085547
129 90.747143 68.234419 15.935857 0.085724
130 90.747143 68.545079 15.929335 0.082705
131 90.747143 67.754663 17.037007 0.080457
132 90.84342 67.976239 17.384116 0.081949
133 90.84342 67.131393 17.728289 0.083442
134 90.84342 66.613583 17.238851 0.082012
135 90.84342 67.676007 16.574547 0.081998
136 90.84342 66.998489 17.82607 0.081389
137 90.84342 66.718162 18.091846 0.081833
138 90.84342 65.288065 18.13026 0.080412
139 90.84342 65.037897 17.789228 0.081042
140 90.84342 64.603424 17.982339 0.080172
141 90.84342 64.48781 17.830924 0.080242
142 90.84342 64.683533 17.771237 0.078824
143 90.84342 65.688795 18.029132 0.077142
144 90.84342 65.709247 18.160479 0.075536
145 90.84342 66.024258 17.634436 0.075559
146 90.84342 66.788236 17.167096 0.076474
147 90.84342 65.650261 18.121277 0.077125
148 90.84342 67.012315 17.825381 0.077556
149 90.84342 66.975379 17.347561 0.078246
150 90.84342 63.687885 19.129444 0.07615
151 90.84342 64.23078 19.050109 0.078025
152 90.84342 64.804455 18.110107 0.077936
153 90.84342 64.944435 18.304933 0.077653
154 90.84342 64.861111 18.308487 0.078659
155 90.84342 65.937471 17.450888 0.079174
156 90.84342 64.915063 17.956737 0.078683
157 90.84342 64.566867 18.457733 0.078068
158 90.84342 64.474589 17.727411 0.077581
159 90.84342 65.167681 16.501177 0.076948
160 90.84342 64.095864 17.270392 0.074656
161 90.84342 64.624253 17.346866 0.074485
162 90.84342 63.889988 17.539225 0.073078
163 90.84342 65.73921 16.658131 0.070536
164 90.84342 64.112482 17.435633 0.071773
165 90.84342 63.430307 18.603095 0.07339
166 90.84342 62.661049 19.004858 0.074313
167 90.84342 64.268927 19.177742 0.072992
168 90.84342 65.171352 19.622702 0.073925
169 90.84342 65.803027 18.681319 0.072611
170 90.84342 66.042781 18.370084 0.071372
171 90.84342 67.269395 18.115173 0.071607
172 90.84342 66.243684 19.271672 0.070712
173 90.84342 67.895094 17.37254 0.072148
174 90.84342 66.729784 18.183733 0.071129
175 90.84342 65.920407 18.510783 0.071581
176 90.84342 66.001356 17.923349 0.072845
177 90.84342 65.784828 18.082123 0.072903
178 90.84342 65.522837 17.580848 0.073155
179 90.84342 65.197109 17.070178 0.073913
180 90.84342 64.890562 17.688189 0.073716
181 90.84342 65.553555 17.310873 0.073815
182 90.84342 66.277675 17.154735 0.075436
183 90.84342 64.800154 17.816188 0.078518
184 90.84342 65.324822 17.767209 0.075939
185 90.84342 64.596902 18.835596 0.07524
186 90.84342 64.053556 18.700331 0.076123
187 90.84342 64.148354 19.062536 0.075221
188 90.84342 64.145481 18.917825 0.077067
189 90.84342 63.823041 18.783169 0.077937
190 90.84342 63.394005 19.011448 0.077498
191 90.84342 65.566409 16.734272 0.077904
192 90.84342 65.343874 16.779316 0.076738
193 90.84342 65.125052 17.667676 0.076359
194 90.84342 64.403092 18.267108 0.075318
195 90.84342 65.937226 17.273114 0.076517
196 90.84342 64.864823 17.757616 0.076379
197 90.84342 64.348748 17.863252 0.074433
198 90.84342 63.679115 17.747951 0.073935
199 90.84342 63.374838 18.631075 0.073587