-9.416779228737710561e-01
5.425886573492579856e-01
-3.267326667115602046e-01
9.169809006102342952e-01
5.183618321799989825e-01
4.776134127775573113e-01
-5.781952027003618433e-01
5.409019697076259403e-01
-1.073177016322674815e+00
9.183447762388433633e-01
2.708730010603795368e-01
8.820588417657942992e-01
-6.765123279028200098e-01
-1.150930561092608495e-01
9.072628703902353431e-01
-4.791238891479080442e-01
3.285809797246385111e-01
-1.213926382402816362e+00
1.863168004372451891e-01
8.612121912088073206e-01
1.111708117697584486e+00
-6.519816563112180718e-01
-1.570234029011861043e-01
2.920497370174586216e-01
3.157087459749091662e-01
1.134899793343786101e+00
1.369412525137708725e-01
1.196303527201178607e+00
-4.596374067464272795e-01
5.324338237710999344e-01
6.626927114722021006e-01
3.898014764339783333e-01
-8.574352035446759501e-01
7.894025758716918251e-01
-2.864182015946362125e-01
-1.340809972496065372e-01
9.823385366775537475e-02
-8.765368287016357673e-03
-4.747524256198358272e-01
6.998135043837528935e-01
-1.111583260149882957e+00
-7.958107940844300066e-02
1.035435618470788577e-01
3.887076235917240052e-01
8.217916612570180801e-01
-6.621927564762791762e-01
2.326308515695013901e-01
-1.009207742951013786e+00
-4.313543201476400246e-01
-6.666821407921333931e-01
-6.461440255333794624e-01
9.151249133473374764e-01
-7.689792648874569370e-01
-8.142345425917325574e-01
-9.726502979212906519e-01
-1.108352980773024576e+00
6.965418034311874340e-01
-2.034088475351654990e-01
7.621228133664768034e-01
6.095696465005389086e-01
4.323887351358692011e-02
-2.830745786389795016e-01
6.439360685650996619e-02
-1.126447678362042959e+00
-5.863899231448403970e-01
-6.244607290398066501e-01
-1.045773494608001286e+00
-1.205980477396052297e+00
2.858652150672088554e-01
-8.733172765579639840e-01
-7.837059364684707541e-01
-6.656929234575235110e-01
-6.829799412993624586e-01
-1.142287457752138580e-01
7.547541197580310834e-01
-3.380811909648796521e-01
-6.643621407053129646e-01
3.918741771489717141e-01
4.620450494701571764e-01
-7.719522277002852650e-01
-6.314697968370808212e-01
3.844600798614427606e-01
7.845388540865795290e-01
5.568260948653529496e-01
4.787170327813367599e-01
-3.727336569408731815e-01
3.035116175162304031e-01
7.657321920423334483e-01
5.117738504844637770e-01
-8.183971599294981303e-01
-2.369344170799538296e-01
1.089736865452962666e+00
-3.445066352906981377e-01
7.885423860328498735e-01
6.072898179646094713e-02
-6.396595326972854823e-01
-7.579974651869401947e-02
-9.347728797353778152e-01
1.048113803992146265e+00
-6.601798501305654598e-01
1.484433734739654398e-01
2.831982627726204460e-01
4.754157123813266828e-01
-3.523811571231795226e-01
-4.559212156409676031e-01
-5.605842025663205774e-01
-2.784582167054253099e-02
-3.180230774498735702e-01
-9.277352740877817805e-01
2.023983124277849432e-01
-1.475868580710920364e-01
-1.165484334837131875e-01
-1.015496361370031408e+00
1.690391775982487410e-01
-1.168574321349922007e+00
9.196088683507059880e-01
-9.196451003228217624e-02
7.185863182891957801e-02
3.435993250828937584e-01
-1.184575156440631938e+00
5.597883220453153674e-02
3.131911525081548103e-02
8.881547412002762654e-01
-1.862631920587697887e-01
-6.019358934916981818e-01
-3.952794790602144337e-01
9.766063779521921839e-01
2.186189026187372320e-01
4.616261525502878271e-01
6.671727643089491178e-01
-8.031876066279296511e-01
-6.665626029542869313e-01
-9.690829160791506469e-01
-3.636488477650619278e-02
-6.110741912686745714e-01
8.068184366724522327e-01
-3.402512872253664611e-01
-2.925558596788788157e-01
-8.508581568435620301e-01
2.190352155284781832e-01
-9.363717551899262137e-01
6.692093178420640553e-01
5.977734877082496734e-01
1.002843892345335192e-01
-4.428284489062732643e-01
-6.818385021415146463e-01
5.692141673169134330e-01
4.556363017905957769e-01
-1.244252021115071161e+00
-4.947011719702709698e-01
-7.301442631631478442e-01
-8.039135523853830900e-01
-6.380125560667150308e-01
-8.905229883852092687e-01
-1.612619848013085444e-01
-7.945408257317055911e-01
-9.834677764183594739e-01
1.340195252851613950e-01
9.838920931711239160e-01
-7.437331239030801067e-01
6.240146770931188636e-01
-5.379385114130817991e-01
-7.507681885170103264e-01
-1.021853479699769585e+00
-1.112641865205552305e+00
-8.302674435929687791e-01
-7.870692104323043781e-01
5.702741166024435371e-01
8.492877304934646210e-01
-1.121882993229427417e+00
-9.379707461719919426e-01
-6.484356196919403015e-01
7.052590587655123422e-02
1.051200456744694894e-02
1.537317690489429511e-01
1.287763170910966481e+00
8.256061931234363049e-01
1.920030384054946804e-01
1.023494470660662320e-01
-8.372015888064362477e-01
-2.391363508844728258e-01
9.365232862013305182e-01
-5.840291110543371911e-01
1.107920391721956832e-01
6.121138989620685811e-01
1.083518452969232548e+00
-9.015154628913253365e-01
-1.151717690060243493e+00
-3.636625777430470552e-01
3.717176956607355920e-01
9.379114168890922976e-01
6.487834432087704606e-01
-6.814185719025007693e-01
-8.894619665719513124e-01
6.262487804446603690e-01
-6.101348188459172484e-01
-2.939310089289079442e-01
3.021205303392414387e-02
-1.511928343530374030e-01
-1.329820102486096278e+00
4.093070412826602111e-01
5.390078280394263732e-01
1.065688305205201525e+00
-4.941462048207952984e-01
-3.398103352688044976e-01
-6.247368717535426441e-01
-7.027302644217950922e-01
-4.559228423696364829e-01
1.056391311578086079e+00
-5.233747112228190890e-01
-7.243514792175662631e-01
-9.605178152985569540e-01
8.545066124504749894e-01
-8.951258359702111145e-01
2.408443242367676040e-01
-5.718596306661861695e-01
-1.844550916189187720e-02
-5.664968096556250998e-01
9.534416613202315594e-01
-7.400151395600547133e-01
-3.661381687507880844e-01
7.589834734929936655e-01
3.840354057258757448e-01
9.545195569003720459e-01
6.253238915564273137e-01
-8.340229727236970758e-01
1.071553659394930857e+00
2.659487773584374715e-01
3.060164934996082442e-01
9.526186988903546649e-01
-8.033209985380963536e-01
9.160701205200050268e-02
2.755008094345186564e-01
-6.365822845115952644e-01
-1.417627457101477417e-01
1.189361947606625725e+00
1.243964179906263956e+00
-1.682458341691444037e-01
5.305010673545609290e-01
-3.123276188472595000e-02
8.558528354246158765e-01
7.377010526467112639e-01
1.108708637329582025e+00
2.098711795270008333e-03
3.018186638785435583e-01
7.447545997261770800e-01
-4.146630768123178434e-01
-1.989861597872487065e-01
3.376351231481829474e-01
-4.783887009672485036e-01
-7.447642087219709106e-01
-1.148982667066102303e+00
-1.040241077573824890e+00
1.328876281028170236e+00
-5.067760307306758971e-01
2.975758401877516279e-01
-1.567856448730684527e-01
-3.995340389737087050e-01
1.244955044081141882e+00
1.878697127629131713e-01
-4.675715145503451797e-01
8.380283696236557889e-01
2.317373328468805005e-01
1.100517690720974051e-01
8.364675108777172019e-01
9.946600396334190353e-02
