-4.402989192938803753e-01
-6.944925949189383330e-01
-1.371293628385325813e-01
4.173828003749943671e-01
-9.740672813468617131e-01
4.396278014575234483e-01
-4.361810730071720710e-01
7.486922315299252562e-01
4.139169638458062295e-01
5.599857898678749502e-01
-1.013241774698019793e+00
-6.593634238789027879e-01
8.575154529068260145e-02
-4.511104034264608043e-01
-1.072013917238649139e+00
-7.587068203825387824e-01
-5.244362029295522865e-01
1.217738944176904203e+00
1.005786457744620499e+00
-5.923533912000937818e-01
3.114478326156665533e-01
-5.696494505371262063e-02
-1.139577303139441833e+00
4.345633774186340448e-01
-9.442229021505083031e-02
-1.124001165426854687e+00
-8.239680789168067898e-01
4.689286093194772187e-02
-1.047405094417069166e-01
-5.599958913159138740e-01
-5.843434979627278869e-01
-1.083884185028435310e+00
1.644211606755764943e-01
-7.322269810391888178e-01
5.151194424517886450e-01
-5.582405394338357807e-01
1.442042654192519750e-02
-1.440953129665891175e-01
1.100030212245967753e+00
-1.286235588306061661e-01
-4.433399180695027919e-01
6.299415756935775601e-01
3.434905858778755650e-01
-3.450829623128084944e-02
1.263644643716731686e+00
-9.413507524319618680e-01
-7.288326468206031139e-01
-7.446422237648210318e-01
7.813662622001467106e-01
-1.332285463398789283e+00
2.560011407486845747e-01
5.440391178633631197e-01
-5.658678166947039845e-01
1.145223269248603071e+00
-4.310780904639651134e-01
8.693498749436201489e-01
-3.646363207693292252e-01
3.202712704916816366e-01
4.765831833048452815e-01
7.968559301951870788e-01
-5.278658851716213629e-01
1.029211960289216465e+00
-1.257370423758423339e+00
-4.409366903838904395e-01
7.871433499014542923e-01
-3.843240905211114389e-01
-8.929728445490017208e-01
-1.998435941640817615e-01
-4.421979659300578902e-01
-9.680880532314417586e-01
7.479457128107089847e-01
-4.349722128968878110e-01
-5.669891009572157747e-01
5.398190917343093087e-01
2.138119080711844630e-02
1.328876281028170236e+00
6.179750238812872221e-01
9.033115196143727266e-01
3.621379164556233210e-01
3.855164693656615849e-01
-9.388970793785971214e-01
5.027173890649411225e-01
4.436078353978742395e-02
-2.181710446552614646e-01
6.438464810634875191e-01
5.322150384374219056e-01
-1.049484047071248538e+00
7.176575224918021467e-01
7.333625005631867477e-01
-7.708476269272306336e-01
1.061224914353419368e+00
-5.603526748466761825e-02
7.537849384760791048e-03
-6.596100446847410481e-01
6.763972323372970941e-01
5.050110933492277937e-02
9.622449449444926695e-02
6.758836321339330988e-01
-2.521635687233222956e-01
6.062490167972299782e-01
-2.217587235504770160e-01
6.996450793852191374e-01
6.460242626098491314e-01
6.405278394686435561e-01
7.074297568718820317e-01
6.928726240348111187e-02
-2.437463290028462626e-01
-5.301020294103550023e-01
3.834452319849398494e-01
-9.646164939648433911e-01
-8.589095558611091752e-01
-4.474486671840156027e-01
1.201059442029440261e+00
8.465364261324307416e-01
8.451725168351025275e-01
-4.258185472884890022e-01
6.673250126733060172e-01
-4.616528040254676279e-02
-5.097583981608804216e-01
-6.882515484958859897e-01
3.370881831183140664e-01
-8.009379048201912266e-01
2.857612933137448907e-01
6.788307205083177198e-01
1.171929186504262699e+00
8.629661499900669330e-01
6.802386816120168378e-01
3.044378256241900838e-01
-1.332293441361958264e+00
-1.238756673187826118e+00
7.674618881688185512e-01
-1.720694122696265760e-01
-7.082136383158089687e-01
4.694215703118601035e-01
4.599165218978945036e-01
4.920275796827905390e-01
-3.324615064823811111e-02
1.013182449363508209e+00
-5.179776011312671180e-01
1.321637020849978805e+00
-3.451198928946399014e-01
-9.101951797385060550e-01
-5.894106381462297373e-01
-4.893373509133654431e-01
1.877485275064251780e-01
-2.883052293003108071e-02
-1.056091480872304034e-01
8.102519636189995378e-01
-2.288877601531792427e-01
-7.100262244770627618e-01
4.653283867239644267e-01
1.187996219032311673e+00
1.039041836973899180e+00
1.328783652787881131e+00
-9.459600212995596946e-01
-7.167177036279315239e-01
-1.013815848151089716e+00
-9.530083506282409633e-01
-7.770483916476861319e-01
6.665049928487992714e-01
4.101009127633892942e-02
-7.523014695900025472e-01
-6.366018274256790566e-01
-3.919494952437694857e-01
-7.907415294243237414e-01
1.427924561993668684e-01
1.116089084897108341e+00
6.925347126033737366e-03
1.894385579270430053e-01
1.328876281028170014e+00
4.065274368749358658e-01
1.162215908258963648e-01
1.153664357899901294e+00
4.891327612811031122e-01
-4.905613089703885765e-01
-3.595109687818013877e-01
7.984917603764282723e-03
1.241306130049988132e+00
-4.912697469366377190e-01
-8.150687085655703434e-01
1.103474935212584107e+00
-8.370244837658782355e-01
-1.261295218475303015e+00
3.261664739457664774e-01
-7.288611849667370191e-01
-6.202651730763746318e-01
-1.096118021562730194e+00
-4.160357632675536488e-01
-3.365897457507183166e-01
8.509172428426000634e-01
6.225532283466149730e-01
-9.203053069398261510e-01
-3.825281311145087848e-01
1.009956340028117294e+00
6.149572892879368036e-01
-1.118742779675683474e+00
-3.782000625908333302e-01
-1.120527935593852858e-01
2.755505450399184375e-01
3.784077576857104441e-01
-5.218380917048097700e-01
3.067028898093627776e-01
2.709008373241755252e-01
1.094936253400690118e+00
3.112004626062772616e-01
5.737836092051248338e-01
-6.123475939382437838e-01
6.911057665859027255e-01
-4.880646895902413518e-01
-3.948675807071526656e-01
-6.881877550492703222e-01
9.555984875375279630e-01
1.905348412267575953e-01
4.862322611725141547e-02
-1.087859768901422858e-01
5.227637374771165746e-01
-6.958325513299656873e-01
7.678847525809949781e-01
-5.951892777308072369e-02
3.059678488879349900e-01
1.211099597390162153e+00
-7.480924611107668820e-01
6.062977614569659002e-01
-9.850660318466103460e-02
-3.595233446286545398e-01
-7.379110824948722502e-01
-7.119574928673231273e-01
4.866206235131780855e-01
-9.189075406027684689e-01
2.523014627994517034e-01
-4.716539847360003979e-01
-3.002665332579138591e-01
9.568145467573935248e-01
1.292356847135138542e+00
-7.701149998936533958e-01
-2.325485415838573489e-01
-5.343478222418165252e-02
9.453782608156162670e-01
2.114311268586504533e-01
9.732950684623214999e-01
4.010288753490887648e-01
-1.700713044990539644e-02
-7.253170415071856503e-02
9.752699097333233924e-01
5.380337476027354793e-01
4.956284051453327955e-01
4.167990643307233761e-02
-2.268029078074926264e-01
-3.355895727464299205e-01
5.668960754737852742e-02
-9.643938324243510329e-02
-4.848401616023766125e-02
-8.771083825945392987e-02
4.124286946268986009e-02
-6.703764856393785720e-01
-3.295847513192866618e-01
2.818568759142617841e-01
-3.726260836662804721e-01
3.053423690191983120e-01
1.213041262503199880e+00
-5.093094699094099509e-01
-4.168379855403453460e-01
-9.419061607004369785e-01
9.333046063796759384e-01
1.876485468950801760e-01
9.946600396334191740e-02
