1.000983832774285265e+00
8.353106103298841845e-01
-1.147062280324300909e+00
-4.250356421747517599e-01
1.289721336919795736e+00
1.894529202892162589e-01
7.469923397239883744e-01
1.248804629133659194e+00
3.555644649295908177e-01
6.394527692231970484e-01
1.230046190533073514e+00
-1.821949322966356644e-01
-8.086710599954853862e-01
4.792166573992353018e-01
6.586275227712218294e-01
3.099682339821166477e-01
3.728083315423650346e-01
-9.475073628650226842e-01
-3.716053644491010971e-02
6.014316046337780941e-01
2.560946160144651484e-01
-6.462314496785414031e-01
-1.810731888453170069e-01
1.057651584051451099e+00
-7.858042975906597283e-01
5.472760267805713008e-01
4.276797941658341262e-01
9.862874251426791972e-01
1.158939994387226058e+00
8.542006932865109370e-01
-1.301333839783048174e-01
8.815032510552041345e-02
-1.136858520247573834e+00
-6.204919173050647829e-02
2.349716715578961668e-01
1.170535573005289764e+00
1.259041028599280798e+00
5.537666585754490445e-01
-1.122637456591955685e+00
-7.252656851989407460e-01
-8.108105967453367313e-01
-4.541823894683393037e-02
1.526999007498860139e-01
7.749795397168020017e-01
5.518331892885319778e-01
1.049443154126237898e+00
-1.016193931853387911e+00
-9.565207261145429740e-01
-1.227274780735486820e-01
5.343031223226993864e-01
7.327831594507758783e-01
9.089653011154982254e-01
1.201241366234070629e+00
1.021870010125509598e+00
-1.230383454430384660e+00
-1.805423883931156492e-01
7.225071764260312390e-01
-1.195309290611501707e+00
3.825642324506408065e-01
-1.251441378747914467e-02
-1.088663360205522623e-01
-5.982292670857902728e-01
1.029998613069349478e+00
-7.904394047003122648e-01
-6.057134609850551854e-01
-2.968442052895285399e-01
3.732803356272081929e-01
-1.038670073692600004e+00
-2.417135188349238406e-01
9.905086413348516139e-01
6.142815943750942059e-02
8.554954046493206121e-01
1.328850189904871248e+00
1.179135082761561870e+00
6.557265925050809185e-01
1.167371871707593600e+00
-6.902364517822300316e-01
1.020924079763607217e+00
7.217164790815036035e-01
5.216082139681891272e-01
9.616660752649068833e-01
1.091466364238455444e+00
-1.154055522137512613e+00
2.993521088550381015e-01
-5.452155537425182885e-01
-8.855816512952886521e-01
9.326324910613582597e-01
-1.638877161689837325e-01
6.526440675545878145e-01
-1.196975436487379474e+00
-4.929421154248470049e-01
8.265569047845584549e-01
-1.058761117278624209e+00
8.387883028853456713e-01
1.004805878075028192e+00
8.333328875219044862e-01
-9.112206672384183248e-01
-2.446989762607432173e-01
-6.946063794763243093e-01
-9.883630292127527917e-02
-9.556602316273024034e-01
-2.644319168783574314e-01
5.727879403000907255e-01
5.622348084914641220e-01
8.268887042915471497e-01
8.414283450871785641e-01
4.024406258868649111e-01
-9.029197027985896851e-01
7.277950955345321438e-01
2.234965601294217896e-01
-2.422469991866900985e-01
2.751633178745488406e-01
1.708506648902842762e-01
-9.120912836708437721e-02
-5.190964177001796687e-01
-1.138930796384893585e+00
-9.520258601460186432e-01
-7.576256067044530029e-01
6.133324117826486344e-01
-5.963439919818857016e-01
1.213457476564013593e+00
3.156088542771624539e-01
-8.927399977539234310e-01
-6.043663477666734174e-01
7.404944201372328783e-01
8.433112967305095298e-01
2.918453687894356774e-01
-5.748825396638359564e-01
8.904518215773850054e-01
1.135517307822427435e+00
5.970784491151902573e-01
-2.414443582294714119e-01
-2.689486889903343614e-01
-1.098116766139000999e+00
6.544892855002971688e-01
2.770662814198338042e-01
-8.311856191149726847e-01
1.009328857668305435e-01
-7.429009224134486278e-01
-1.266669781131115835e+00
6.284619704592012690e-01
6.002257649338670342e-01
-7.760166360339070257e-01
-1.089529711696224146e+00
-3.458417972270111940e-01
-1.043846370684567093e+00
-6.929912920289579836e-02
1.173534048185050471e+00
-1.177400164439140612e-01
4.480750567235081139e-01
9.061001906019955365e-01
-2.579354666807772145e-01
-5.309419192229665185e-01
1.243944134565032389e+00
-1.047814748110179162e+00
-1.271766418797577458e-01
4.193611368347079371e-01
8.350280470838143954e-01
1.136274361222261886e+00
-4.661069549364537101e-01
-4.752404766450414320e-01
-9.169444238196494679e-01
9.112498397391606275e-01
1.510285335185269084e-01
5.219273731029919206e-02
3.451728586891323891e-01
-6.507695669958329932e-01
9.041837173979211384e-01
4.817403678405002276e-01
9.461994505664736987e-01
7.931429795833605523e-02
-4.115235945762446557e-01
-1.459329584761083765e-01
-1.029687810766469980e+00
-1.043680461216987210e+00
-1.190521057965911123e+00
5.298271801831480055e-01
-7.754443200786420576e-01
1.208150631355088045e+00
-4.565902443389513454e-01
-2.352046470694565405e-01
1.165449594064453143e+00
-1.194451972712214705e+00
5.346879580408449018e-01
4.787994249268305857e-01
1.388218919028432752e-01
1.006121757856539123e+00
1.032026304694679375e+00
-1.167791089224229584e+00
-3.893050447019767435e-01
-1.264837468537154619e+00
-3.170654991349114438e-01
-6.653881694635040978e-01
-3.131759297503085016e-01
1.328636487717843817e+00
1.214178691844004732e+00
3.121393825890537710e-01
8.725873591230925985e-01
-6.946449677033562642e-01
-3.769798683692840435e-01
-8.722578811731201975e-01
4.317047973842216835e-01
-7.146645542132109563e-01
-1.291519932258430758e+00
-4.461072507004307242e-01
-2.438967837945492378e-01
-1.353293514416192000e-01
-2.833302559449794589e-01
6.051755085188217365e-01
-1.332255464104337150e+00
-2.854634013154974323e-02
-1.243482991473125576e+00
7.320083288444613201e-01
-1.046098067454247736e-02
-1.977991317820244344e-01
4.154474549245864012e-01
8.388526256518176183e-01
4.346350869590370203e-01
8.197132466220340419e-01
5.494161675641077158e-01
-2.832417192245912929e-01
1.080103222881948072e-01
-7.152005357182223966e-01
-5.215043634842826403e-01
1.007274625046232774e+00
1.037697965975671766e+00
-1.081836476107880696e+00
-1.106159662070864025e+00
3.764573615322959754e-01
-6.918165979221785333e-01
1.197521257528068261e+00
2.302103906090221808e-01
-1.947601693235539444e-01
-7.912446352743183198e-01
-7.454517773729796293e-01
2.265107602923266961e-01
-3.140722060472846966e-01
2.627927323886388583e-02
1.328483672821241246e+00
-2.679833954309179811e-01
-3.314313583513461281e-01
-3.379738451314013847e-01
-1.277055975399910670e+00
6.840859379053266798e-01
-1.824914968005749427e-01
-7.106024426415208373e-01
1.088829108570898985e+00
2.883799824831883574e-01
-7.929046938088947227e-01
-2.444746920395832468e-01
7.717324236614623301e-01
-8.507246315689185323e-01
1.328876281028170236e+00
9.310935332014934618e-01
-4.945786576148382685e-01
-1.106228514533666552e+00
6.110773633180569542e-01
-2.198825433377986638e-01
1.248799855041334617e+00
8.771018062720022934e-01
-6.765806868845781752e-01
2.219496495718197848e-01
2.871430833051753506e-01
8.827645884384331953e-01
5.259939558256051528e-01
9.946600396334191740e-02
