-1.311446650347610321e+00
1.328876280832155476e+00
2.402936170058119214e-01
7.924680019195078362e-01
4.385411912950636926e-01
8.220627396776061246e-01
-6.281179639197242981e-02
6.868215766064210692e-01
5.414316183836832552e-01
1.600309418788354032e-01
-3.032814312999422557e-02
9.286257276411195027e-01
7.231995216111078983e-01
-6.963622045084533196e-01
6.511704907262152453e-01
-1.332382322494049864e+00
-6.335487287158354519e-01
4.684128359424306054e-01
-1.072408106381004478e+00
-1.126852502604926087e+00
1.031889031249869193e+00
-1.202325903278368635e+00
1.000102097827936021e+00
4.285873465044992559e-01
1.176600843144416819e+00
1.143124959912590471e-01
1.164988961851514571e+00
5.954211859290976100e-02
1.769952017789142296e-01
-7.931371930725646113e-02
1.328876281028170236e+00
-7.696516774966613017e-01
7.837287477766127219e-01
-1.113600205803021437e+00
2.448700857423024568e-01
-2.956982267591226066e-01
1.131691256588735151e+00
-4.846620510786471270e-01
-8.847638521294538538e-01
6.551000168277529845e-01
3.239330678813643338e-01
-1.520717444889125580e-01
6.513807152432317116e-01
6.045280653340545651e-01
-2.841575591945015578e-02
-2.255176877576891281e-01
-1.226150178039242755e+00
7.223214584053092580e-01
-7.392752852066121483e-02
-6.877290285299314521e-01
-2.119089542539879800e-01
-2.807753534352072089e-01
-9.905872735276466390e-01
6.802914188716979726e-01
1.155605948771986746e+00
1.174489286377388808e+00
-7.808238848386300779e-01
-9.128425373486425132e-01
1.064247837911577177e+00
-5.284590255374216339e-01
1.165494664882059439e+00
1.119698012826383593e+00
9.748071639713040692e-01
-6.591543504405368292e-01
-4.332419547405340077e-01
-1.812933420826109421e-01
1.328876247636311847e+00
-9.423650402225236533e-01
-3.834408832786416754e-01
1.328876281028170236e+00
4.409439875062657888e-01
1.008066116063586870e+00
-4.994197860068826933e-01
9.587497005513143655e-01
-3.148284009924839921e-02
8.634964848771365942e-01
-3.164377348159721492e-01
-5.292605443357342176e-01
1.869547909061702040e-01
-7.138530670659959387e-01
4.114350493044833801e-01
-6.343308325156893357e-01
5.630511886268632082e-01
1.328876281025956674e+00
1.246541333983780531e+00
1.048996417460562602e+00
-7.299171956595186250e-01
3.550153412102542982e-01
-9.971031803869677690e-01
1.151155325528220308e+00
5.555601314584639461e-01
-7.259432904775589002e-01
5.102273475525095220e-02
1.238252409599597481e+00
7.117104920221138942e-01
1.070271742625722722e-01
1.328876280999153225e+00
1.176608478623980991e+00
-3.246847065750493311e-01
-9.188199739083553474e-01
1.207791524832811242e-01
1.576689248615005812e-01
4.132068787083671424e-01
-5.182300778361782767e-02
6.757312791403531360e-01
-1.318449184395141804e+00
2.998106907777683405e-01
7.495970592421420386e-01
9.698739038104978172e-02
-1.182630474902659767e-01
-5.906641184036798276e-01
9.728425352482421573e-01
1.279834705201406519e+00
3.474814242261217712e-01
-7.126574291464145006e-01
9.442173482693225761e-01
8.341929978426445430e-03
7.917477238814885424e-03
-1.286182678342475905e+00
-6.288480795803111922e-01
-2.891786877202021100e-02
-2.439317607889195938e-01
1.328876281028170236e+00
6.145237482934442497e-01
6.276019847933891338e-01
8.416759198082792715e-01
-5.373910140235104160e-01
2.595607057688362751e-01
-5.343921761627442590e-01
-9.695147337262708387e-01
3.791043496338631358e-01
-1.109212958043960029e+00
2.727028559361688309e-01
-6.235942956559802769e-02
1.029329835107044122e+00
-7.256281881077659979e-02
1.328876281028170236e+00
7.682482691539322950e-01
-8.368972345043317329e-01
-4.116625159782075910e-02
-5.591279029441267312e-01
-2.406513401910278516e-01
-3.611630599018842425e-01
-7.039742387369041232e-01
-9.892463298532158111e-01
3.255388159589811536e-01
2.897721929971359967e-02
-3.186949214341439629e-01
3.526096590097705930e-01
-1.332382322191980384e+00
5.801829657012212982e-01
-3.185202897991936677e-01
-6.635277505832517519e-01
-1.198010169820341586e+00
6.802617842048758190e-01
-4.878059164149268212e-01
-8.158657451606055044e-01
1.323455588509127701e+00
-1.904085789497290127e-01
1.539795319413249930e-01
-1.174054583256309625e+00
2.268988527265664301e-01
1.199160039676835598e+00
5.062047865758430992e-02
-5.868638722422083592e-02
-2.829845943807274278e-01
1.102636756305641841e+00
-1.103840171066482689e+00
-6.039245254485356984e-01
-4.896360240738346636e-01
-1.332382322494049864e+00
-5.600840505428628102e-01
8.883094609055213198e-01
-7.513838452390207978e-01
1.414835387236835496e-01
-5.737831129866185487e-01
1.199830205078336709e+00
-1.156394516062007716e+00
-4.977303546498096920e-01
2.308835814974485312e-01
6.543757701521206727e-01
-8.531059517238934742e-01
4.942611903637236792e-02
6.536351663541500878e-01
-1.123440631368137543e+00
-8.908751592380984574e-01
1.169977781958999180e-01
-3.383945316253099134e-01
-4.526945414466236328e-01
3.585124198571993381e-01
1.249934147256766659e+00
1.217370780038291161e-01
1.050505700312549751e+00
-1.027574024110086359e+00
-4.963604130573437412e-01
9.340435637855596385e-01
1.426282924268659491e-01
1.109554864594006096e+00
-1.293905549137518873e+00
-5.517773654947178974e-01
-1.332382322494049864e+00
1.275385014683667190e-02
5.240625979841914139e-01
-3.163758511835514931e-01
-6.457326484019448865e-01
3.415615963110240627e-01
9.930149475594804986e-01
-1.127757104791533127e+00
5.465943064773224336e-01
-1.881707150447813337e-01
-2.006686900730342005e-01
3.625741942571309995e-01
7.902986279572754569e-01
2.342595461557025194e-01
-1.332357929979868683e+00
5.885787884552011739e-01
-5.306602762252304872e-01
1.226081520764888522e+00
8.783299123551188137e-01
1.235861238548313423e+00
-1.082864480844937916e+00
1.757762213733519152e-01
-4.310028152251090261e-01
9.285165731985784987e-01
-6.867564792024705156e-01
1.000945778934021480e+00
5.522597566333616870e-01
-7.178827808898429197e-01
1.069502020573031897e+00
7.913600342706570423e-01
-1.188382428593292683e+00
-1.123667569130397226e+00
1.328876281028170236e+00
7.945350258244762154e-01
-1.545987547312576427e-01
-1.093386032577625455e+00
-9.385013738145603357e-01
-2.864964247996490410e-01
-9.761375462758516974e-01
-8.974830649870600974e-01
-4.021152282714258175e-01
1.035010716084736160e+00
-1.825326463898443163e-01
6.425518310731554994e-01
-1.251437261171495674e+00
-3.291526349537461926e-01
-6.045702459384699745e-02
9.930970442141243693e-01
-5.059930805806730492e-01
1.276669330640958666e+00
-6.582176148425603612e-01
-6.943792513826945179e-01
-2.720342517349643718e-01
6.454338674490482930e-01
1.045989471018947903e+00
-2.720099071273521796e-01
-2.965925666393492421e-01
4.382485687451147527e-01
-1.142864247852176440e+00
-1.141751453495848168e+00
1.372846940174373975e-01
3.065514880506193252e-01
2.882880115342222882e-01
-6.067113815566095303e-01
4.319480367356674511e-01
9.946600396334194516e-02
