-8.598258127846413190e-01
9.617999064059782333e-01
8.826963047953025887e-01
5.100458990543208504e-01
-7.237403982252177403e-01
2.431840907590725742e-01
9.033686996182279660e-01
7.320229751716680333e-01
-5.666654186932854609e-01
-5.507529685477885462e-01
1.153863428681641601e+00
1.181333816214586552e+00
-2.044150219782185085e-01
-1.166467811697687429e+00
-6.739950368890652577e-01
6.904461117813622817e-01
-7.687914768107350083e-01
4.114352485518762426e-01
-2.220566083926670542e-01
-1.125625485537661952e+00
2.532781418076802127e-01
-1.041464464932078338e+00
-1.134394116975118605e+00
-6.525989763777693131e-01
3.198042780065781243e-01
1.078286041231525827e+00
3.952035150293624621e-01
3.327834778832393647e-01
-6.337550056720545055e-02
7.102872483101355661e-01
-3.312370639707645226e-01
-1.302105248252446223e+00
2.994644184566993550e-01
-6.213982846255450276e-01
2.862558858081639679e-01
-3.234909060866267977e-02
-1.332382322494049864e+00
3.546687169453055510e-01
-9.306961132025476369e-01
7.563298811930484478e-01
7.110438719622853565e-01
5.671497460273267066e-01
3.238493753929836405e-01
9.771602394975290595e-01
8.626821396052364310e-01
-4.249346972877574014e-02
1.288154808085153480e+00
8.427279864010490673e-01
7.888159495476696481e-01
2.098322594783271766e-01
1.203065657578465286e+00
3.130699757006236150e-01
-8.204417246746515957e-01
3.558015511646477336e-01
7.101291289073056179e-01
-6.096910544491538353e-01
-2.554804919090493120e-01
5.235120902831846834e-01
1.021037793546119454e+00
9.871162140703189092e-01
-7.305446843037650684e-01
-9.538798600861280175e-01
1.152497044743179710e+00
9.616029887003358922e-01
-1.054194396199137795e+00
-3.083839071531730980e-01
-7.623749360213508686e-01
-8.090066132209273730e-01
9.070686394853983980e-01
-1.224395266164551854e+00
-6.679231222227762776e-01
2.935382846792506384e-01
-9.985767221946140193e-01
3.120924547513760916e-01
-3.473167064876239163e-01
-6.298240081607421326e-01
-4.009655581627850907e-02
4.129152010240766391e-01
1.017806701042002437e+00
-3.082965859011504439e-01
-7.168663264190339168e-01
1.060477865078844895e+00
1.197310556777401447e-01
4.545477442871327933e-01
-1.238481703941953338e+00
-1.742219495222765424e-01
2.512727183297617378e-02
1.304197261331065727e+00
6.131951936815540627e-01
2.228756306631462236e-01
-2.228290156784528131e-01
9.297531456303254060e-01
3.800845173498031415e-01
-5.809014860048604678e-01
-1.235012839332177315e+00
-1.332382322494049864e+00
1.245204108358945322e-01
9.038581518536641379e-01
-9.765778799879122340e-01
1.328876281021163841e+00
7.112309723114859095e-01
1.621230541390745183e-01
-4.016888947396339837e-01
1.196704747167189442e+00
-5.440360993744093321e-01
1.059624052950904227e+00
2.836840230105772687e-01
8.552776932143804633e-02
-7.390501150973988187e-01
9.821806189675046372e-01
-2.447387404247624298e-01
3.797192627422901201e-01
1.131450331855327729e+00
4.990678789818234207e-01
7.230854905177708236e-01
1.328876281028170236e+00
9.069284535567723182e-01
1.212698269046426969e+00
3.217975846179643717e-01
4.886735573560619939e-01
2.944982755817353651e-02
-4.954530747355463949e-01
-1.215899293746982357e+00
1.026612952411032786e+00
1.147123184959892184e+00
1.104346051112173210e+00
-5.674273899829507251e-01
-1.332382322494048754e+00
1.024817967096059768e+00
9.272901641959945263e-01
7.123814046172417536e-01
9.178200042181577922e-01
-1.129844198510687736e+00
-4.034808268904614970e-01
1.860997684797969787e-01
-1.151497997482612945e+00
-6.996790733925645211e-02
-4.950503315185713626e-01
1.200479036001271371e+00
1.215027242105160221e+00
-1.103348592747595225e+00
-5.262176342025549625e-01
-2.326428877522021266e-01
6.588858276053259633e-02
-2.754521957878651624e-03
1.108541477560887722e+00
3.331382331820356701e-01
1.031010811657907755e+00
8.089505934947002208e-01
2.033077392917483350e-01
2.327046673730819026e-01
-9.353142708116385373e-01
-2.030711024115092189e-01
-1.970972895969567984e-01
2.384094482038280616e-01
-1.214905133107357260e+00
-8.940985266728407321e-01
3.915050431014413523e-01
1.042026938792285584e+00
1.047665778873467346e+00
1.328876281028170236e+00
2.740762310659221601e-01
-1.087567536839148419e+00
-8.120350196285832656e-01
1.285135562205504067e+00
8.648948113757327638e-01
9.310473874715790021e-01
9.523196342096132971e-01
-4.541375970563012454e-01
1.191676179004792724e+00
-2.462315702320051480e-01
-6.436353942150815355e-01
4.573321014303552423e-01
-6.843663149021361747e-02
1.328876281028170236e+00
4.783038521375087559e-01
3.779287051307067546e-01
3.989659718591352933e-01
5.059267821152714228e-01
-2.154202565522149448e-01
-1.148262885596343930e+00
-1.028917257533620844e-01
4.995000707232831738e-01
-1.941870958059880026e-01
9.156925194079263974e-01
-1.332382322494049864e+00
1.062090053103004861e+00
9.440268892938865619e-01
5.884589393774037891e-01
-3.851445486352171876e-01
-1.303514340357596613e+00
-1.098307648641817957e+00
3.990651689488639575e-01
-8.913067001612338114e-01
8.006132474535592181e-01
-1.527526645836209673e-01
-6.230420065525564821e-01
8.138203793964570165e-01
-2.607366878330222293e-02
5.938441730759642656e-01
-3.243790865764648035e-02
-4.694984657911999149e-01
5.511660172527874657e-01
1.020090849985091586e+00
-1.158240341951703778e+00
-5.775385509247683569e-01
1.194341998295155083e+00
-6.819783178217322384e-01
-7.567791478959658980e-01
8.361202522199637777e-01
-1.332382322494049864e+00
1.187685753960210144e+00
5.982705781453323546e-01
8.036241819359689342e-02
9.704605105680872423e-01
-2.893377407732851125e-01
-3.976122283097650589e-01
-5.199193450054859222e-02
1.012477143905304189e+00
-1.127215552215802497e+00
-1.070655224571058106e+00
-1.054433774620621156e+00
7.829146574496700373e-01
1.748671172462481771e-01
-9.045819254630935724e-01
-9.208054038366337846e-01
-2.137272238727970231e-01
3.700036507799793206e-01
8.279023504677504031e-01
5.374158093965681893e-01
-1.227114340479402932e+00
-3.605100704605078143e-01
6.383517884807479725e-02
4.961243417393736421e-01
5.828356861053026750e-01
7.745018014862696809e-01
-1.169098807878774071e+00
-1.332382322494049864e+00
-1.043551674525208472e+00
-1.093183113490964642e+00
-1.239001811241933648e+00
9.632609878540228099e-01
4.893823952759211449e-01
1.271396636824645432e+00
-8.585859759405658487e-01
-5.302628206229064584e-02
4.344254859715535044e-01
-1.296898315183655281e+00
1.091985366301044591e+00
3.202893768943790853e-01
2.521072028149278221e-01
-8.613106707299269527e-01
-5.103438693723805208e-01
2.504916630428673935e-02
-5.317222026658420253e-01
8.237305412877037325e-01
-5.799791352870542482e-01
1.248251761791975945e+00
9.524139318217341721e-01
-8.441462347197449256e-01
-1.087869736438151991e+00
2.100845158586883421e-01
1.328876281028170236e+00
7.957121176373701532e-01
1.146064097262195602e+00
9.946600396334194516e-02
