5.442388240608219130e-01
1.017656607434647004e-01
-8.762333451314566202e-02
9.844276814424166577e-01
-8.794781477895978750e-01
7.458192311509165458e-03
-1.133817132821274498e+00
-6.654501793320437564e-01
-2.708021945640424755e-01
-6.369332792620344130e-02
1.200431005116990191e+00
1.666116978974934715e-01
-3.294227027418441395e-02
-9.014675394908264749e-01
-1.044017797589519958e+00
-5.074108826234646763e-01
1.893408183571921310e-01
-3.290809766293197325e-01
-6.467564927011336673e-01
6.757338172311505575e-02
7.010630842873386559e-01
1.210679779803875533e+00
8.164419380094062317e-02
1.249865406510049182e+00
1.195051128560940423e+00
-5.726710567462530710e-01
-1.206471697457859760e+00
4.313666176879750180e-01
9.757207444713419386e-01
2.870839624661817302e-01
-6.695689238759759965e-01
6.301586127397871273e-01
9.516056815453735052e-01
-4.302910898722966393e-01
-1.002348244788610288e+00
-8.140973741853638757e-01
6.277971867965467800e-02
7.291700684349825545e-01
-8.274315615385201550e-01
-8.195491130629899423e-01
5.463885926999387799e-01
-1.468503620269712706e-01
5.409317018856102388e-01
1.217119477577786046e+00
-9.044110758046590703e-01
1.203708536422339881e+00
4.991810899133543311e-02
-3.412464687718110845e-01
-6.612155915347304180e-01
6.666082504507875317e-01
-3.901625849410950142e-01
-4.468479578459544910e-01
7.467765169210107690e-01
-3.419934357832367100e-01
-1.326059874006141559e+00
2.583988231715699246e-01
8.799566520249954005e-01
1.119686450451229387e+00
-7.888669875173390800e-01
1.172431213558625229e+00
-8.852255162900301011e-01
-9.677208329559338074e-01
-1.836089282815658030e-01
-1.300978844654775979e-01
-1.182268483552358473e+00
9.141900244829744004e-02
4.243975568350866201e-01
-9.433738554206916316e-01
-4.205002364899109724e-01
5.726493203062121840e-02
-1.109201050093593377e+00
6.434064532586246665e-01
1.420217587562457584e-01
1.226632691696635247e+00
-7.495586557276603390e-01
8.339201635897144360e-01
8.482512749330560764e-01
-5.720707441760010115e-01
1.087549121742392710e+00
-6.200381963981923400e-02
-1.105291020888892639e+00
-1.199468861307049439e+00
4.643345550993461801e-01
-1.080545778160095560e+00
-3.636708929889959085e-01
2.340865664832705306e-01
-8.011721563771413424e-01
6.909241153318264050e-01
-3.140012820450014952e-01
8.702748300777476409e-01
1.265703619965476312e+00
-9.532751889547234070e-01
9.978255609639692381e-01
-8.171025615133142850e-01
-4.085961941934584951e-01
1.021165401424959596e+00
8.873362349210056621e-02
3.409393824615780111e-01
5.653465579812755326e-01
-1.129934573729213687e+00
3.225876071157198210e-01
1.157481762167474448e+00
-8.258195349190144974e-03
8.852555115846578726e-01
-7.883105090050537278e-01
-5.058471474181123195e-01
1.180213238748371030e+00
7.112724317519905082e-01
7.376517419834232037e-01
-3.239139222456300371e-01
4.396999411206100050e-01
-1.123124464036535430e+00
-2.777557710279166536e-01
2.884880124909533494e-01
-1.288777594756797429e+00
-1.088343603827246930e+00
6.568920211968030110e-01
7.039625198471932688e-01
-4.730320172258258848e-01
-1.332382322494049864e+00
-1.145819788868052802e+00
-3.570384896350166093e-01
-5.235669544348326987e-01
-3.239383387515910595e-01
-1.038441259847042497e+00
1.214287660097022603e-01
-9.680513991235994986e-01
8.226115474458361998e-01
-8.426026229731525818e-01
6.062896366888033128e-01
3.116976832293343325e-01
-1.161425524640137930e+00
-7.705978337797987354e-01
-5.246213860403650120e-01
-5.647883436296197157e-01
1.038845888110943694e+00
4.859031322684614906e-01
1.090871489586923815e+00
7.545359634922201020e-02
-6.042814392735943452e-01
2.888602338104102607e-01
-8.309305572330414336e-01
-4.924981972496849658e-01
-6.106794308685962180e-01
-2.017000995878855396e-01
-1.232118739693122578e+00
6.162341779101982997e-01
7.779693529020236253e-01
-3.665396930904004646e-01
5.176201652305763012e-01
8.313936667633330391e-01
2.083762652888895006e-01
-1.196027691979092866e+00
-1.026720846830505129e+00
2.391692248962848377e-01
5.447760131974055398e-01
4.355349946373969772e-01
-9.747840808628875919e-01
-1.067264119614623974e+00
-1.191786848065234050e+00
8.414578541917804300e-01
1.023374044506526914e+00
3.014428567845380824e-01
2.956417348382892607e-01
-1.051675096131695852e+00
-2.842133306435251638e-01
-5.146296512430184045e-01
1.007950554293739032e+00
1.238631333035262294e+00
-1.136439470281755071e+00
1.240044853705765338e+00
-1.221306429280285988e+00
-2.265489298689617736e-01
1.265537243383130006e+00
-1.463476200591867504e-01
-9.464120274811095301e-01
-9.762294891613918502e-01
9.095074199632557921e-01
5.649790238323171288e-01
-1.181967858981694430e+00
-7.444059174674799717e-01
1.099444844607694760e+00
1.328876281028170236e+00
-6.154201456890293631e-01
4.616265798703327317e-01
9.524658433657771095e-01
-6.545597943770496974e-01
-1.038141850632095409e+00
-1.332382322494049864e+00
-9.334773141692536136e-01
-3.606058672031943191e-01
1.095364604993306124e+00
-4.576333614527212656e-01
6.230601263310091564e-01
8.519871459481774822e-01
1.645378683500938466e-01
-1.992376385429300845e-01
1.109501209412089295e+00
-4.350613200965151028e-01
9.852173490872924155e-01
-1.177310192281626477e+00
-8.412464253631448674e-01
-1.827798002200823613e-01
1.345070848247928164e-01
-9.809300345592986137e-01
5.008103495767277646e-01
-7.376486595786537759e-01
1.328876281028170236e+00
-3.272562124752700363e-01
3.024542855307332800e-01
-9.881592349162972022e-01
-1.572989657067644376e-01
1.018629800342959468e+00
3.402683363481474599e-01
-2.265762245268944097e-01
-2.992581697809798547e-01
-7.442932619931574845e-02
-1.729705202419618559e-01
7.495894330540858741e-02
9.373460823250217011e-01
-9.873985142762784495e-01
7.250620080000484968e-01
6.510820226711406811e-01
-1.864188363809363841e-03
-6.238194089661833197e-02
3.787244529178646069e-01
5.085071284278049886e-01
6.960523929332567139e-01
-1.131153773122380579e-01
-3.464433237066720794e-01
2.883701033382515821e-01
6.458410339085234042e-02
5.757500589445192496e-01
1.266976606462473898e+00
-2.446115923596155206e-02
-8.127771685838367510e-01
-3.291758817898766121e-01
-8.333250572513543897e-03
4.586180440715226236e-01
1.475447685079313564e-01
-1.141853752079599271e+00
-1.041296544264196378e+00
-3.173642554758783763e-01
9.736935768197274577e-01
5.131493690935909902e-01
3.627243167851471051e-01
-2.844090233984239990e-01
-1.250582637601580505e+00
4.082490319158570136e-02
1.312208315562947814e+00
3.487633562462597037e-01
3.706516469203703368e-01
-7.604450353781868621e-01
2.863956524088623889e-01
7.055830024692781866e-01
-7.380179768310988209e-01
3.688651750341049307e-01
6.482946554551570761e-01
-8.279891120556619466e-01
-2.671655155417038685e-01
9.642123967167179899e-01
-5.293665080798017897e-01
1.070399554593771230e+00
-1.091916075343790649e+00
9.757629937693471645e-01
9.946600396334191740e-02
