1.159950293819752787e+00
2.736151736060414286e-01
4.278254161613743722e-01
9.328716680107834724e-01
-8.118284208572159599e-01
-1.169102612454181900e+00
-1.332376734805974072e+00
-5.761919975509327552e-01
5.476982478613656030e-02
1.282001430172021283e+00
-7.377015574355888505e-01
-2.146487405905453394e-01
-5.685349659283214230e-01
1.043169477658754341e+00
7.977088751961936008e-01
1.866792316997617496e-01
-1.332382322494049864e+00
-1.123318231939784528e+00
-9.417885417218819777e-01
8.477787748001061052e-01
-7.896299121020621259e-01
-1.160027988381024944e+00
-1.142589783061592312e+00
-1.119368486232218823e-01
1.652390263967818129e-01
6.619155886003266209e-01
6.202784099894341763e-01
9.490848874658079914e-01
6.679030299590174025e-01
9.328436919671646566e-01
-6.078063152567376726e-01
8.717405712416996799e-01
9.374758483637374296e-01
-8.639958903138673652e-01
8.637361435453480563e-02
-9.220617060653143460e-01
-1.028572090462323896e+00
-3.920251684412929816e-01
-3.270165904051408057e-01
1.325270027373589288e-01
-1.150005638560632093e+00
1.328876281028170236e+00
-4.902518076100961242e-01
1.184028563178791016e+00
-1.680788277915317153e-01
-3.748113022463511190e-01
-1.238707304705718437e+00
1.287193979145888623e+00
8.571566226078696227e-01
3.592439021628413554e-01
8.920529148803786335e-01
-1.214850715652950441e+00
2.391989220487565071e-01
1.823374071661734153e-01
3.985231055850863013e-01
9.825887390398667653e-01
7.958866471749718174e-01
6.274303626785054933e-01
-7.399975075309456196e-01
-1.282371090526128965e+00
-6.495013659910047199e-01
3.366872265035861789e-01
-6.336138584324088052e-01
-8.452859859178040169e-01
-1.055353555560062606e+00
-1.040398944644479684e+00
-1.071744235542842816e+00
6.441653498971648961e-01
1.159232656787242188e+00
2.136722926800160571e-01
-7.952780609401711720e-01
1.203261854024782807e+00
2.777531534775715127e-01
-1.265292059713141848e+00
1.173678957721877719e-02
1.415085219453441623e-01
-2.733061808680645188e-01
3.920426235229439449e-01
2.953254057495188212e-01
3.735118345668210771e-01
-3.885725522006126531e-01
7.918480361631275999e-01
-2.175129147439950061e-01
7.948612313666265639e-01
7.299078951144614136e-01
3.432940454241333317e-01
-5.853912484375808911e-02
-9.051107000064551045e-01
3.877276876789695348e-02
-5.887961661587604034e-01
-8.218719689725434430e-02
5.767275205543553884e-01
6.895344656686673845e-01
4.583283109898512175e-01
-9.643442855291678439e-01
-6.710041388703448240e-01
-6.285044592134770847e-01
1.100059476228886890e+00
3.807473376132853304e-01
-1.618717901147142813e-01
6.358507709619798387e-01
-9.416472144528060806e-01
3.156608841714564906e-01
1.196627151753793861e+00
8.125689120846930624e-01
9.709242931126624843e-01
6.978282234969892528e-01
-1.437869265212367298e-01
8.635921911881561108e-01
2.168393832623846940e-01
-7.255288509863040691e-02
-1.576292507231125406e-01
-1.139893159716323767e+00
-1.568520631673993304e-01
-4.640368309434596550e-01
-1.024620402274176945e+00
5.026889668781975296e-02
-2.574411710949330301e-01
7.542269311700666723e-01
6.775779780182425993e-01
-4.640049217037486295e-01
-6.592456217556696974e-01
1.084630897929376836e+00
1.057666700208006239e+00
7.649696005208961314e-01
-2.531642055326378538e-01
6.166788319527919393e-01
3.431103804736333474e-01
-7.471446720261131214e-01
-1.104954531143052199e+00
1.041524046015577687e+00
5.596148046088047501e-01
1.062693518337433529e+00
1.313362453468092328e+00
-2.389009857482590760e-01
-5.245712200484928811e-01
4.340048580445746151e-01
1.319249522349971615e+00
1.318302576796755110e+00
-3.785019652019623870e-01
-8.350325893353603979e-01
3.739780854578803604e-01
9.117040306190379861e-02
-6.118203449895945889e-01
6.016636980932230649e-01
-2.346135960360991590e-01
-1.094635859517314014e+00
-1.302031849740570513e+00
-2.331233654504614727e-01
2.315920235077999767e-01
-2.088279921756005242e-01
8.651815232745253548e-01
6.613929512133011057e-01
1.091782077477629898e+00
-1.050429739352636727e+00
8.625187509455328749e-01
1.934157688726904356e-01
-1.117704959108088286e-01
-2.219755368122884320e-01
-1.689889094547539217e-01
1.107807586009917911e+00
-6.004220737675844966e-01
-9.840694445126303425e-01
8.343591482396893744e-01
9.015347611832401631e-01
-3.983386428900287379e-01
-5.475943859019931637e-01
-3.816470248026517242e-01
-5.483161780659570050e-01
9.674205317690521833e-01
1.065036757309740123e+00
-1.293091295830973153e-01
-1.082479322117679166e+00
4.209050669846520210e-01
3.621652222764453755e-01
-1.057376836034841672e+00
-2.549987922477616742e-01
-1.332382156258207440e+00
7.432760831265021739e-01
-1.088173787797985792e+00
-9.246275225842535139e-01
5.696550947387915009e-01
-1.212175903250473974e+00
-8.962840831888979620e-01
-5.673273250172077287e-01
-6.605679300583227054e-01
-1.174911664366429763e-02
1.185834106638744001e-01
7.237712897438343118e-01
-9.611685594324382853e-01
6.494906387745453813e-01
2.617510373328007373e-02
6.242385217632320238e-01
-1.010773666177555707e+00
4.585058161003293664e-01
1.204991832247720218e+00
-2.917349135382427128e-01
-1.146384549029255240e+00
-1.331893200753367479e+00
1.202006161358868536e-01
-1.036446627714443514e+00
-1.262304178900774954e+00
7.541805920554969789e-02
1.328861383478287417e+00
6.486129572538701371e-01
-5.878435020399548350e-01
1.114688980109236338e+00
4.247965891691653506e-01
9.024667230645233573e-02
2.191757283400589951e-01
8.333628270280754591e-02
1.142909009724654146e+00
-3.075037944667979341e-03
8.990395750391713126e-01
-4.953588593009060070e-01
-1.058776131719946001e+00
-1.132074760038970451e+00
6.836319281451062047e-01
1.902916881822348805e-01
1.186599612554325445e+00
1.846825278266292503e-01
3.555057389735103990e-01
2.332579926994562680e-01
9.407190166764574368e-02
2.092089982206008225e-01
5.595720427366709243e-02
-8.823412698798223097e-01
1.328876206100405577e+00
2.977793747735004715e-01
1.159760589430471611e-01
-1.439320762234489078e-02
-3.244865305644563658e-01
-5.850886795585028555e-01
1.237418601536219187e+00
1.050672818052387880e+00
-1.202901586666890621e+00
-1.126505664759069658e+00
9.875700214340246141e-01
6.296080766405010021e-01
1.194665570788931847e-01
7.871260617665621906e-01
3.167682623140263276e-01
-1.215773173778752714e+00
-4.198478168675442990e-01
1.177053251027316616e+00
5.657290991219214860e-01
1.065540867048030194e+00
9.779069051256125134e-01
-6.237680166371722956e-01
-5.597758241464547702e-01
-9.971235718825958994e-02
2.753328856367784905e-01
-3.388363397445947611e-01
-4.598836762157554325e-01
9.364067399312363538e-01
-8.936606477953730199e-01
-9.890054395599283676e-01
6.066215181363381337e-01
-2.157722140710125747e-01
4.306963360344310265e-01
3.209846260090091774e-01
1.055294655167481999e+00
-2.528353315353483732e-01
2.109497449468281938e-01
-1.078762502030865100e+00
9.946600396334197292e-02
