5.009886528101733516e-01
-1.226121095300437835e-01
1.324327822465327431e+00
1.054224259418099080e-01
-1.743991890111521448e-01
6.106881341101186855e-01
-8.131575188675017607e-01
1.238473946137828907e+00
6.849390120772390622e-01
-4.113475861749226747e-01
-7.521575565930112006e-01
1.298550595029966948e+00
-9.801183090280484178e-01
1.140558985804576153e+00
-6.655863097554228780e-01
6.967758982065157536e-01
1.132243775054229129e+00
-1.155440030544516716e+00
3.243206353125275831e-01
5.943542918913070627e-01
1.025165537132656013e+00
-1.036542632578304035e+00
-3.010552018626182491e-01
1.328876279818563155e+00
6.375139623357299890e-01
-1.165505930797763989e+00
1.038630070589302790e+00
9.243738098806573988e-02
1.263756512864668391e+00
-1.022747357471168961e+00
-8.640968009196506872e-01
-4.143958074525850299e-01
-4.643316325005806822e-01
4.304515124418978322e-01
-2.521978475306416723e-01
-1.323889726941886780e+00
1.239544038245711910e+00
6.344536068459728506e-01
1.000666025483774479e+00
-7.739554804904804630e-01
-4.371930524811751817e-01
-1.332382322364322969e+00
7.170139888374638115e-01
3.056092103944915150e-01
4.639953045755871308e-01
1.089435322952247986e-01
-1.004588503224847384e+00
1.226671542722192143e+00
-1.063794434158424673e+00
-6.131339553540866155e-02
6.649489106436128338e-01
-3.769987700400276864e-01
-1.109628413276931180e+00
-4.428699110838307806e-02
-5.761544200523750492e-01
-1.112322914786673778e+00
-5.301102464988017848e-01
-3.925671214810815823e-01
1.058328626197063693e+00
6.939863439747739893e-01
2.233573229097102208e-01
-1.156189779886660718e+00
-6.449059518783389899e-01
8.634092962386233916e-01
-7.574061865485332001e-01
-2.203000093470437459e-01
1.132527860987956769e+00
2.645341170708058187e-01
-7.376597018192131427e-01
8.577781855737031114e-01
2.943059348498548444e-01
-8.686899338218557753e-01
2.934448577748760556e-01
-9.661545120215410121e-01
1.066366629601926963e+00
-8.372210989343709109e-01
-2.423769905415368020e-01
9.905042620262188846e-02
-1.072779873202024170e+00
-2.616191553982880613e-01
2.164885297506622397e-01
-8.030961036547442644e-01
8.447923231500520380e-01
-9.701234757809994447e-01
-1.037243025665879559e+00
-1.125302200692305021e+00
6.690171437742542526e-01
3.962469126063343228e-01
9.653232394566192420e-01
6.565655184545533540e-01
5.288617008294423938e-01
1.328876281028170236e+00
5.889073077289346259e-01
5.458269395933658119e-01
7.885106244770142547e-01
-6.892108448266868193e-01
-8.673920447303000714e-01
1.266439817035187820e+00
-1.149071136783022640e+00
1.742481775618709705e-01
5.308781399703295101e-01
-9.665085500387248230e-01
-2.642709744287539131e-01
9.908850309646327625e-02
3.856730259972883657e-01
1.160554160581467764e+00
-3.554993768996870807e-01
-1.332382321999924457e+00
-9.547450034295932308e-01
5.672993272884451210e-01
-1.084867830659222321e+00
1.159025832250436316e+00
-5.345932306142731072e-01
1.216573317876744609e+00
-1.171631586317390505e+00
-8.730894598770059245e-01
-5.303500193159101789e-02
5.555022147236642338e-01
-2.283738570849133953e-01
1.155508632255763946e+00
2.207070344183913457e-01
9.560354703190636627e-01
-2.272378116584040098e-01
8.086916804670150061e-01
-1.200445833913962868e-01
-5.692544490071959062e-01
-4.407430111184814647e-01
-5.755801237097295936e-02
1.062470958638955798e+00
-6.110014301312860496e-01
-1.195939270792204745e+00
-8.293649493101005188e-01
7.069387237968961513e-01
7.205109695911164902e-01
-1.092400297320595737e+00
-5.396657076515446461e-01
-4.380349393727150376e-01
1.292708057758958029e+00
-3.924312144339464070e-01
1.328876280905560092e+00
1.344424471402315135e-01
7.747836162195496090e-01
-3.231167769286808489e-01
1.219465777031839337e+00
7.692436277294437685e-01
1.143802307481334157e+00
4.155917221967739827e-01
-7.609933424539117031e-02
3.983381617439570865e-01
9.122646340830586897e-01
-7.661752528929788829e-03
-7.372172167357232686e-01
-1.089622450136330523e+00
-5.631512911107098285e-01
-5.764642754861000196e-01
9.093001395852243762e-01
7.679670104171034684e-01
5.806056434182462755e-01
2.884119741802079750e-01
-1.332382322494049864e+00
-1.060259885964688786e+00
6.627149682530895092e-01
-8.635954179382292206e-02
2.139419381708269063e-01
-3.867058497635240122e-01
-3.569581491531812478e-01
-4.932800009054615908e-01
-9.637398741855532913e-01
1.023293399811780136e+00
-1.094499536999582023e+00
-5.889484541903060588e-01
5.266351624649848739e-01
7.431714104853199832e-01
2.203087835221279323e-01
1.032706670569658813e+00
-1.711548211273727083e-01
4.305595737469054551e-01
-2.620151565289557949e-01
4.020151389933711572e-01
-1.332382321608716502e+00
-4.398836591669956775e-01
6.023824179458644457e-01
-1.199093622935854420e+00
4.643779244587287192e-01
2.536235774425946721e-01
-1.198803455710401478e+00
1.328876280476283922e+00
-9.934185209001796801e-01
9.582076700606909081e-02
-1.238266796836047900e+00
1.219174579161467875e+00
1.153744153058256394e+00
7.751456375324415893e-01
9.931890584580592707e-01
-1.948442226544924993e-01
6.758987708947370443e-01
-2.286234686174642150e-01
-8.859965514284972032e-01
-1.742244798641522929e-01
-5.843204145619136647e-02
9.348660795854212280e-01
2.632381354735322532e-01
-8.899362111885323889e-01
3.690956691857035232e-01
6.997635901370097278e-01
-9.485447863906114330e-03
2.716480917840441989e-01
8.618942145080727979e-01
-6.604105545109212327e-02
8.295430759020289146e-01
5.925666724427306464e-01
1.119227626597460723e-01
1.061157946378387340e+00
1.328876279993651321e+00
1.092339978966926084e-01
5.876322022585256377e-01
-3.362069152902074642e-01
-2.445190525445208873e-01
-9.006169645321298045e-01
1.077869691954063125e-01
8.553598940037397957e-01
-1.094206401932234396e+00
-1.149174472189617546e+00
2.823361121014696384e-01
1.068723267502455831e+00
-1.113983870826825262e+00
-5.973998166579115310e-01
-5.964192256744060838e-01
-4.125585307039540406e-01
1.067052803141870676e+00
-6.175779772830174430e-01
7.419688945975426719e-01
-4.787359179062415371e-01
-4.669719011260261565e-01
4.121388494379132350e-01
-5.603046023326725411e-01
-5.272878052495804102e-01
7.218837572492503574e-01
-2.970403423635893936e-01
-3.540674522361933474e-01
-3.547825693809007475e-01
1.080489806178656309e+00
-4.828538413122750450e-01
1.161573068544434539e+00
4.117360069639167119e-01
-1.183073220133029846e+00
-9.205541452835991345e-01
-2.867481684159368660e-01
-8.945746249968415942e-01
-3.369165632515112030e-01
-2.199329883838541944e-01
1.207021674743044448e+00
-5.238261685141561985e-01
5.118320283464328213e-01
9.730729078705268043e-01
6.463947009607221572e-01
-1.332382322493749216e+00
1.291378764245004085e+00
8.240512225316691808e-01
3.413560019467666851e-01
-7.916695321005596808e-01
9.737931564250859040e-01
4.311929193928681903e-01
-9.020962857189243067e-01
-4.643086903744155225e-01
9.946600396334194516e-02
