7.816203458662147607e-01
9.561106763559624744e-01
-8.852793894091891547e-01
3.007866998882780321e-02
9.367079865562913943e-01
6.892591387078995657e-01
8.377358872100066911e-01
-1.149803139994767243e+00
-1.201104361622853389e+00
-1.036358574043426461e+00
-6.033318618095084851e-01
-7.051615439278559050e-01
2.560399118102587787e-02
3.017044918350663130e-01
4.034588555682958044e-01
-7.206843141394160546e-02
-1.002152439395060268e+00
8.977474048870044410e-01
1.131415836741737346e-01
8.830277240970609842e-01
-6.335876180875885666e-01
8.120028497517309818e-01
-9.524385654381208877e-01
5.833100742410699535e-01
1.156420521375238986e+00
-1.223246548946706369e+00
-6.427210194157352285e-01
8.665057744725567224e-01
1.011190391683673750e+00
5.541860654908326023e-01
1.096659725565875654e+00
3.046956059975689524e-01
1.095621161084992412e+00
6.728295657091886151e-01
-4.884726111874313492e-01
7.227040529502631871e-01
-9.208325453856986975e-01
5.136760168056113685e-01
-1.241819630579911182e+00
1.114697030342205464e+00
-1.208343843652558647e+00
-1.173982420800814053e+00
7.058765683393161128e-01
-3.033985817394919682e-01
-7.600614704181716252e-01
-1.097670412393143335e+00
1.171461477429114328e+00
8.382653803307277274e-01
6.697890932993890711e-01
-7.430255544514227095e-01
8.864797833251488735e-01
1.800620756200056391e-02
4.385537560490776476e-01
-5.213938481679677439e-01
1.066212576118837019e+00
3.274354485428996320e-01
1.072319654784452458e+00
4.443070643692879074e-01
-3.924024122743591803e-01
4.516902057965260786e-01
-9.626934751551394776e-01
5.792633334421346536e-01
-1.268284958805208751e+00
8.356589065124061522e-01
-3.919846962937120760e-01
-7.223250806213353803e-01
1.311507405195834995e-02
-8.198243225925583300e-01
9.357275304462778776e-01
6.372757839259673984e-01
4.130727912210882535e-01
-2.584803819788867307e-01
9.399108877693124198e-01
1.082623810543334342e+00
-6.047933993731464675e-01
5.554705098432122234e-01
-4.089172373363546553e-01
-1.005717407252648021e+00
-7.706215365874841128e-01
-9.722603984500097773e-01
-5.678595745745249612e-01
-1.172079677168092360e+00
-2.448006381654714014e-01
-1.095077075613632100e+00
-9.844619828170708686e-01
-5.247895754492305498e-01
6.705363659235707985e-01
-1.011626389807363857e+00
1.139727858183109399e+00
-4.702257234058272450e-01
1.026379247705591968e+00
-1.006327058816923747e+00
9.966632788863454273e-01
-1.886850786787487022e-01
7.834884349889057464e-01
6.293721082761647434e-01
-1.729672898277762327e-01
1.646394371969544246e-01
9.457932939139586104e-01
-1.067029891167521560e+00
6.694604493874468654e-01
-1.329229318908062618e+00
1.176252721989290706e-01
-1.090002911248141970e+00
-1.218771050574492421e+00
-6.369794667966048873e-01
1.090969037170391509e+00
-9.270544562054358062e-01
-3.837127863349952817e-01
-1.213995020878510633e+00
-1.255619754036151337e+00
-1.164398619897824227e+00
-7.385780455844178638e-01
1.071023202171801136e+00
-8.563326437386771239e-01
-1.276339482922352220e+00
1.328876281028170236e+00
6.564213025233047727e-01
2.469094460584024542e-01
4.961713144338825709e-01
8.332884257216625068e-01
5.859795545500424696e-01
1.676247153314782690e-01
-1.003262289455940648e-01
-1.064276984288183403e+00
-1.190589540297086524e+00
-3.860533003646390848e-01
-4.864168540959483700e-01
-8.656770571932319303e-02
7.184868945471708512e-01
-5.875946675313313827e-01
1.158164960079586470e+00
1.132782516480025592e+00
6.320096035391792322e-02
-2.682052485508553685e-01
4.311032147657954394e-01
2.925571657312371343e-01
-5.373779345589813072e-01
4.689912159627875887e-01
1.328854758009490933e+00
-1.081066122522799100e-01
6.052178388185542879e-01
4.172495609942803996e-01
1.210217070057762800e+00
-3.263593930477685229e-02
-1.468980699264142709e-01
-5.202995630551875833e-02
2.873051277153734206e-01
6.195276648062787439e-01
7.326678232356363951e-01
-1.247176403954563861e+00
-4.004174259189169360e-01
1.022901922740751646e+00
2.504958518037025406e-01
-7.670292971187485376e-02
2.046904558236604388e-01
2.967707176388158924e-02
-1.155975883941095406e+00
-1.225002980608115966e+00
3.144481121783456179e-01
1.134570917930221912e+00
3.445778578558144623e-01
-2.204941451239099681e-01
-1.534133324646786423e-01
8.875858142349131175e-01
-7.635900010119556214e-01
-5.627066422857914668e-02
1.217271520148185182e+00
-1.030107873716759326e-01
4.975858450045354542e-01
1.270259284800659305e+00
1.860009083184115120e-01
-2.833774791370021612e-02
-1.228743502352295236e+00
-4.458501900033079446e-01
-1.131256496550532953e+00
-4.635881523745142285e-01
-1.533811399794819952e-01
-2.458053357220379986e-03
-5.890165382223658819e-01
7.515600671187665505e-01
-1.208560411091119807e-01
-1.332382322494049864e+00
5.380091739384099681e-01
1.516174324879213109e-01
1.177179833140080234e+00
9.095441045381262857e-01
4.707358438785091970e-02
3.441865090597683863e-01
-1.096560931910317560e+00
-2.595831932202195824e-02
-5.152370540952303513e-01
-5.226238880748338561e-02
-1.212160698203069042e+00
-7.208993842029282062e-01
-2.311323229142790148e-01
3.822360833667889368e-01
3.403721690288810664e-01
-8.670332798500703930e-01
9.725696758009900744e-01
-1.081166475773802205e+00
-9.174964407447778747e-01
8.908954309709189445e-01
-1.209203568453407929e+00
3.807781154004911128e-01
-4.342326581857589574e-01
2.172469802492447422e-01
-7.965844360613034691e-01
-2.552428839468711130e-01
3.344431893647440424e-01
7.184098080801655517e-02
-2.393669184547943529e-01
-4.156917934341639587e-01
1.125945153757392569e+00
2.009487856681373419e-01
6.769599005223979338e-02
1.134760488719384952e+00
-2.782749300775853030e-01
6.081360431642276465e-01
-1.239907873107812142e+00
-3.079146437318647234e-01
-4.866492922073853422e-01
-1.223408692261706454e+00
8.690044369133020918e-01
-1.002506730784611166e+00
6.081586149495152860e-01
-1.199405259697714055e+00
1.017891524401113301e+00
-1.464478684333380964e-01
-3.514281304428951702e-01
-7.302197806794499813e-02
1.210718793961735207e+00
1.107593331660648772e+00
7.161072940342830817e-01
1.295927156514670608e+00
4.783029863848707874e-01
5.413073615235198810e-01
-9.915289008862708808e-01
-3.847833224958458476e-01
-4.629210358303915140e-01
6.566938115222006322e-01
8.732140993841041032e-01
-4.289660716022966613e-01
4.215666748288600663e-01
5.197427712608422290e-01
-1.089706258675002815e+00
-1.039239123791051433e+00
9.692382236094229109e-01
-1.315811919742876368e+00
6.235917604747787113e-01
5.503060590012763820e-01
-1.136034678560577049e+00
4.981214496227397981e-01
-4.317195205187019380e-01
5.195410082562458287e-01
3.430418800052837391e-01
5.780964833316067919e-01
-1.215684046773636284e+00
-7.664301709756945469e-01
6.155835127250373212e-02
-1.014889204296145708e+00
7.032945872781424246e-01
9.155596587282459620e-01
9.922534481938189987e-01
8.619004877471053705e-02
9.946600396334193128e-02
