-1.059510252424833210e+00
-1.218435551790292060e+00
-9.290403900457819830e-01
-4.861663415888393680e-01
3.322323864222026524e-01
-9.593844842789954752e-01
-1.107713837208829988e+00
3.801090373315916399e-02
3.583636501988892165e-01
-7.109468592365024708e-01
9.401497087816705900e-01
-1.318511021126253180e+00
3.410017387320008475e-01
-3.221148821355621084e-01
-1.203439606535988027e+00
1.039199317924086152e+00
-1.307172965147922028e+00
8.185013485518759513e-01
7.304604857655534467e-01
8.274676325711515235e-01
1.044037446331024466e+00
-9.568460847250729318e-01
-5.154267804470075154e-01
-2.898399967626457130e-01
-5.838329066726900551e-01
-1.982682675124997906e-01
-6.314933148733220536e-01
4.742641437225032786e-02
-7.945370039506481907e-01
-1.985428435472328390e-01
1.049222088151490428e+00
7.065533956138331240e-01
-1.672308119496866974e-01
1.203092628927205920e+00
-1.015858990015867436e+00
-9.061277557503696900e-02
4.139491987879161811e-02
2.737228192613048727e-01
2.049792810093283013e-01
2.673932836437794558e-01
-2.850367992732517064e-01
-7.080907530912924353e-01
1.224512972866813820e+00
8.916431589398563506e-01
-1.132821533324137153e+00
-5.082232638802538505e-01
-1.237745490167785067e-01
-2.901780815777869060e-01
-6.486027499602867730e-01
6.412270312276465711e-01
-7.149049943558286602e-01
1.065352988372208820e+00
-1.118754001519852048e+00
4.634293273142820468e-01
7.569066847123026021e-01
8.037949065205020061e-01
-6.124801366547857340e-01
6.479067462403986788e-02
2.213685736037020735e-01
-9.485009986173952301e-01
-1.204723438927900458e+00
-1.577764441505452586e-02
-2.350756328877628698e-01
-8.269073712148986566e-01
1.075077422945680095e+00
1.273706242296108293e+00
-8.139305874476603364e-01
3.061737904025750856e-01
-7.504576969412191101e-01
1.324077090785699129e-01
-6.511131136101296901e-01
-1.305308722895612616e+00
-9.042379680277079501e-01
-3.253933599724696535e-01
3.886940068848577373e-02
8.277316807662579157e-01
-4.049557574289130990e-01
7.983434330018235325e-01
1.258035552819321667e+00
9.327119806931460921e-01
-1.206841794738761076e+00
-1.157919698264225028e+00
6.299434701446402496e-01
-1.163712322438393565e-01
7.939302639834737718e-01
-8.586393567471729549e-01
1.128881801506182336e+00
4.163369016567981529e-01
-1.316625800978570959e+00
4.965205300964338209e-01
5.801280716461489906e-01
-1.155869856830429088e+00
9.738364639447701920e-01
-9.271937884668779439e-01
-4.348369008280769110e-01
-5.968397110764687985e-02
-8.629810938405721998e-01
-6.247396341049058499e-01
-5.213578765401393200e-01
1.322369209254826483e+00
-1.255088025280266306e+00
-8.742368473677263330e-01
6.253630988265098667e-01
3.154855559954375388e-01
8.355077259703784787e-01
-6.629026189572834182e-02
-6.718524775359391299e-01
-1.140077887766347553e-01
-6.613419982599217928e-01
-1.458600451510773943e-01
6.396439518439618610e-02
-4.904491771423529767e-01
-1.376070561165937678e-01
1.032334232102787519e+00
-1.119232956019034386e+00
-1.158481026383087364e+00
-1.238482851722892963e+00
-6.130294567536903605e-01
-1.330926132986317290e-01
-5.397351023710496021e-01
1.013160102746921032e+00
-1.106140186703537864e+00
1.004590232862676569e+00
6.614538413598888278e-01
1.343569541116999277e-01
1.326042214746279813e+00
-9.228855307809158415e-01
5.427131154158065796e-01
3.126056788788896257e-01
-7.682709274241795727e-01
-7.577795117089967114e-01
1.684786160529315180e-01
7.729963921711474617e-01
8.528958612045360876e-01
4.313645116263851720e-01
1.278575425825080325e+00
3.450870275829325262e-01
1.318943895211757589e+00
5.632350956725828972e-01
4.248995274990306492e-01
-8.722819391017212487e-01
-2.356655371993362502e-01
-1.010250500672262852e+00
-8.795028627754142292e-01
-1.349127372774437394e-01
-4.804035138604801358e-01
-2.989622073036204974e-01
2.704695093057418731e-01
-5.726482688429685997e-01
4.172431593631349966e-01
9.939946994340631559e-01
-1.148606298832502759e+00
-1.318922894648176358e+00
1.001982640698958704e+00
3.405820049023106089e-02
1.125962737400468150e+00
-1.268572074635942792e+00
6.286697081053125302e-01
-7.242175512147233096e-01
8.861126172997056960e-01
-1.473234827648131073e-01
-9.135693336948520482e-01
-6.878974211489349844e-03
-7.783505918111509603e-01
-1.861598223513713513e-01
-8.309215846374415904e-01
1.034278096313542061e+00
-1.115326198050038166e-02
-8.076225497583980895e-01
-7.954009539712768584e-01
2.734662440748488743e-01
-6.353072102453183323e-01
1.228052095540075328e+00
2.784148823084441893e-01
7.091055389763203376e-01
7.524003059590160802e-01
-8.315989841883403288e-01
8.829640045030402451e-01
-1.229658613428088021e+00
-8.154922219714829668e-01
-3.325052459009652517e-01
-6.749833927025206126e-01
-4.011613626660424647e-01
5.854173708693116707e-01
2.241420534849534185e-01
8.791031070715734641e-01
5.039794245803390638e-01
1.176604368556509295e+00
9.858775667432344569e-01
-2.399098119155544107e-01
-5.354263468220045452e-02
7.091809708604948082e-01
8.574685059844218415e-02
-1.186762415823676031e+00
-1.306487971025702466e+00
7.344200349198350963e-01
1.187927705277117552e+00
1.092119771561687713e+00
-1.261097373111467856e+00
3.019099367002572309e-01
8.913822723300985906e-01
-6.444601949039806543e-01
1.024533967176813221e+00
-1.205067343138271907e+00
-4.873306976746448471e-02
1.153926631797955960e+00
-3.539519061383830656e-01
8.818363062823951770e-01
1.038420994019881416e+00
1.661610428360428826e-01
-1.346707196061983081e-02
2.875274424184111610e-01
6.962776622878915633e-01
-1.088469336290815020e-01
-6.940435649698648013e-02
3.612107090716044078e-01
-4.276407318062955265e-01
-3.291244047768459580e-01
-8.719000246948749311e-01
-5.726653387475441059e-01
-5.827916133957710132e-01
-2.100443074215406214e-01
2.105317437880369624e-01
8.221130679532395735e-01
8.196058177157298230e-01
-1.332348459485533931e+00
-8.867742846406400092e-01
-1.357411634833922964e-01
1.195862523574974023e+00
7.387569483748265275e-01
5.260005983966566101e-02
2.358525207340765872e-01
1.183677550295618719e+00
-4.086445406911277667e-01
-1.162652899428867848e+00
-9.634310188114367790e-01
-9.987542748016429162e-01
-9.552406587305821706e-01
4.317612068425789595e-01
-8.560626378378724533e-02
-1.126984058233231112e+00
1.170975087724647340e-01
8.287963897574550654e-01
-1.319796224385098915e+00
3.617509065909522148e-01
-7.534705003353824315e-01
1.177308871053175610e+00
-1.086376274149355725e-01
-9.662453703549745976e-01
-1.759632441727092267e-01
-1.238555113061832191e+00
4.232810960167888159e-01
-1.776202387266060112e-01
1.039043711830052397e+00
4.725977152370512413e-01
-8.976475710784237450e-01
8.539757757607578659e-02
-7.127400492382272024e-01
-2.800795874037864119e-01
2.342820411026139693e-01
7.089286742506977212e-01
-8.082016795081125027e-01
1.328876281028170236e+00
1.575845201967997766e-01
-7.762995235634894131e-01
9.946600396334201455e-02
