

gen best mean std div
0 43.327732 -3.189783 9.597999 0.760876
1 46.608524 0.096711 12.356079 0.74084
2 46.69363 5.272962 15.425246 0.731431
3 47.637967 12.704253 18.028303 0.728548
4 47.637967 21.362741 17.372479 0.707755
5 47.653055 29.449623 14.497585 0.667671
6 47.653055 33.973982 12.431128 0.630851
7 47.653055 35.009671 13.207477 0.60517
8 47.653055 37.902417 11.708875 0.561101
9 47.653055 37.913255 12.080767 0.536468
10 47.653055 38.645386 11.301573 0.529664
11 47.653055 39.113809 10.934876 0.523342
12 47.653055 39.219219 11.938281 0.51046
13 49.541475 40.273244 9.278268 0.493304
14 49.541475 39.12278 11.359256 0.473132
15 52.565153 39.786878 10.335149 0.469951
16 52.565153 41.449812 9.052255 0.459195
17 52.566534 43.323636 7.540366 0.459751
18 53.208918 42.698386 8.824296 0.45522
19 53.208918 42.794667 8.488487 0.454913
20 53.208918 42.953803 9.681099 0.430463
21 64.730444 42.973329 8.539435 0.424158
22 64.730444 41.997348 10.541241 0.433732
23 75.25437 41.837306 11.965335 0.427478
24 75.25437 42.247812 11.802575 0.392434
25 75.25437 42.473791 13.455141 0.40344
26 75.25437 42.292562 14.421642 0.389637
27 75.25437 45.028924 12.936748 0.362433
28 78.509538 45.615966 14.735406 0.330795
29 78.509538 46.460708 14.166104 0.286585
30 78.509538 46.546898 15.140732 0.286949
31 78.509538 47.462534 15.417824 0.287006
32 78.598708 47.584499 15.546593 0.263357
33 78.598708 48.590281 15.209543 0.234555
34 78.598708 49.06241 15.842638 0.199017
35 78.598708 49.399007 16.842821 0.197878
36 78.598708 50.885391 16.048115 0.197925
37 78.598708 52.501903 15.433825 0.177306
38 78.598708 53.328754 15.043772 0.177144
39 79.94274 53.686693 16.163704 0.177338
40 79.94274 53.926596 16.791411 0.150538
41 79.94274 54.997622 15.66237 0.113628
42 79.94274 53.75606 16.592844 0.113272
43 79.94274 54.632727 16.505733 0.114195
44 79.94274 54.754624 17.385046 0.113911
45 79.94274 53.742692 16.835465 0.114324
46 79.94274 54.607479 16.490413 0.114418
47 79.94274 56.203371 17.62767 0.112939
48 79.94274 56.447718 17.286757 0.112086
49 79.94274 57.619126 16.529845 0.10932
50 86.581485 58.570447 16.658341 0.106327
51 86.946456 58.563581 18.286073 0.106542
52 86.946456 59.118553 18.309657 0.104382
53 86.946456 60.189523 18.210413 0.103414
54 86.946456 61.819912 16.904194 0.100669
55 86.946456 60.530778 18.574651 0.096247
56 86.946456 61.298469 18.62649 0.096569
57 86.946456 61.502108 17.613588 0.095884
58 86.946456 61.009012 18.157146 0.092326
59 86.946456 60.320522 19.339934 0.089576
60 86.946456 62.114466 18.320028 0.087953
61 86.946456 62.47955 17.890692 0.086484
62 86.946456 62.290707 18.993256 0.082826
63 86.946456 61.470051 18.839594 0.083661
64 86.946456 63.071112 17.768813 0.082745
65 86.946456 62.728154 18.9689 0.083378
66 86.946456 63.004256 18.596091 0.080794
67 86.946456 61.999276 19.253565 0.081745
68 87.496499 61.354021 20.816947 0.080176
69 87.496499 62.303328 19.284744 0.080216
70 87.496499 61.130706 19.473689 0.080509
71 87.496499 62.394428 19.006244 0.080739
72 87.496499 61.781536 18.83704 0.081224
73 87.496499 61.78561 18.57149 0.081751
74 87.496499 63.718617 17.278264 0.082851
75 87.496499 62.150634 18.563967 0.083791
76 87.496499 61.08785 18.436659 0.085481
77 87.496499 61.759167 18.43573 0.086309
78 87.496499 61.885702 18.561505 0.086889
79 87.496499 62.770788 17.8672 0.089038
80 87.496499 63.972349 16.685055 0.090193
81 87.496499 63.753884 16.796585 0.091525
82 87.496499 64.890697 14.614077 0.091325
83 87.496499 62.55328 17.351516 0.092905
84 87.496499 63.972387 16.247312 0.095249
85 87.496499 65.169271 14.988265 0.097247
86 87.496499 62.51735 17.416388 0.099601
87 87.496499 62.405709 17.648143 0.098429
88 88.549896 64.674103 15.77672 0.096405
89 88.549896 63.494941 16.932496 0.094083
90 88.549896 65.501533 15.452361 0.095646
91 88.549896 64.884466 15.463112 0.098212
92 88.549896 64.36283 16.645562 0.097302
93 88.549896 63.159381 17.480201 0.098095
94 88.549896 64.06 17.423525 0.097862
95 88.549896 63.050663 18.405551 0.09565
96 88.549896 64.5451 17.925588 0.094514
97 88.549896 65.206466 18.466866 0.093
98 88.549896 65.52767 18.08821 0.090782
99 88.549896 66.983883 17.60465 0.090423
100 88.549896 66.578564 17.591704 0.089943
101 88.549896 67.472463 17.660082 0.090639
102 88.549896 68.004105 17.315658 0.086997
103 88.549896 66.262332 19.128312 0.085033
104 88.549896 67.171455 18.181764 0.085684
105 88.549896 65.160263 19.159671 0.086881
106 88.549896 64.419624 18.38102 0.085861
107 88.549896 66.499776 17.431685 0.085998
108 88.549896 66.58753 17.027074 0.083546
109 88.549896 66.394418 16.718501 0.083478
110 88.549896 66.852734 17.176642 0.087539
111 88.549896 66.114028 17.251009 0.085322
112 88.549896 66.76665 16.852775 0.084836
113 88.549896 66.221771 17.200115 0.086789
114 88.549896 65.963884 15.176129 0.086551
115 88.549896 66.501026 15.42149 0.086684
116 88.549896 66.32457 15.612377 0.085294
117 88.549896 64.843833 17.099936 0.086849
118 88.549896 64.096123 17.364418 0.083602
119 88.549896 63.661747 17.417788 0.078778
120 88.549896 64.234396 17.362365 0.081586
121 88.676113 65.931647 16.642421 0.085543
122 88.676113 67.160074 15.077908 0.089646
123 88.676113 65.946755 16.856213 0.091742
124 88.676113 68.049091 14.947087 0.092274
125 88.676113 67.549028 15.459456 0.093365
126 88.676113 67.916334 15.203433 0.091337
127 88.676113 65.699747 17.148554 0.096574
128 88.676113 64.800392 17.127062 0.097421
129 88.676113 66.761872 15.544803 0.099646
130 88.676113 66.296399 16.327857 0.101341
131 88.676113 66.915452 16.577756 0.100391
132 88.676113 67.536718 15.512397 0.102105
133 88.676113 67.852986 15.253675 0.103098
134 88.676113 69.538018 13.960274 0.103358
135 88.676113 71.563269 11.602379 0.104778
136 88.676113 69.559433 14.719912 0.103327
137 88.676113 68.881443 15.465021 0.105251
138 88.676113 69.332811 15.715795 0.105607
139 88.676113 68.08458 17.452325 0.105568
140 88.676113 67.968985 17.440492 0.106767
141 88.676113 68.544789 16.345979 0.107496
142 88.676113 66.699554 18.798003 0.10846
143 88.676113 68.553428 16.237915 0.109851
144 88.676113 67.290993 18.734606 0.109137
145 88.676113 69.350784 16.132445 0.109819
146 88.680352 68.283749 17.162196 0.109749
147 88.680352 67.599669 18.51749 0.108463
148 88.680352 68.801749 16.991118 0.106791
149 88.680352 67.061003 18.243338 0.108632
150 88.680352 65.476545 18.234866 0.108938
151 88.680352 66.216131 18.036906 0.111386
152 88.680352 67.872674 16.23068 0.112084
153 88.680352 65.986345 18.496195 0.112929
154 88.680352 66.881649 16.992445 0.112328
155 88.680352 68.303126 15.544882 0.113135
156 88.680352 67.537679 16.22862 0.112623
157 88.680352 68.423918 16.140547 0.112363
158 88.680352 66.341596 17.908207 0.11311
159 88.680352 68.014635 15.783772 0.113031
160 88.680352 65.700963 18.557114 0.112742
161 88.680352 67.575353 16.904411 0.111918
162 88.680352 67.436146 17.080961 0.112982
163 88.680352 67.354072 17.12299 0.113206
164 88.680352 66.593697 17.911792 0.111814
165 88.680352 66.58633 18.527187 0.112986
166 88.680352 68.103206 16.854434 0.112538
167 88.680352 67.264871 16.801871 0.113089
168 88.680352 68.256571 16.257724 0.11282
169 88.680352 69.407421 16.557787 0.114127
170 88.680352 69.537284 16.361265 0.115446
171 88.680352 70.342868 15.306648 0.115285
172 88.680352 71.366565 14.379003 0.116037
173 88.680352 71.551676 13.841652 0.115282
174 88.680352 71.545689 12.843765 0.114645
175 88.680352 68.943336 15.927309 0.114067
176 88.680352 68.314641 17.080456 0.114823
177 88.680352 68.075344 16.69209 0.113981
178 88.680352 68.389872 16.713997 0.1134
179 88.680352 68.809452 16.227768 0.112418
180 88.680352 67.838833 17.27713 0.111998
181 88.680352 65.994141 18.122156 0.113572
182 88.680352 67.501074 17.126397 0.112653
183 88.680352 68.905812 15.827015 0.112366
184 88.680352 68.962762 16.656293 0.113049
185 88.680352 70.46042 14.624699 0.111698
186 88.680352 70.139681 14.946504 0.112292
187 88.680352 69.078916 15.157414 0.112097
188 88.680352 67.002462 17.636392 0.111301
189 88.680352 67.680524 17.833475 0.110358
190 88.680352 68.714301 16.238934 0.112216
191 88.680352 69.296665 15.077071 0.111739
192 88.680352 68.350175 16.608061 0.111006
193 88.680352 67.68144 16.292284 0.111779
194 88.680352 68.464566 15.577491 0.112037
195 88.680352 69.005808 14.587454 0.11178
196 88.680352 68.396531 16.657993 0.111649
197 88.680352 69.089362 15.500862 0.111372
198 88.680352 68.509832 15.779659 0.112727
199 88.680352 67.937476 16.154677 0.112981