

gen best mean std div
0 42.887586 -3.415154 7.450439 0.757557
1 54.821601 0.712607 12.46075 0.744543
2 54.821601 5.565051 14.860016 0.728862
3 54.821601 10.519058 16.892129 0.716745
4 67.983668 19.55417 17.906465 0.691123
5 70.114279 27.276187 19.800858 0.663011
6 78.638705 36.517108 19.587515 0.591026
7 78.872932 44.103709 19.504388 0.510831
8 78.872932 51.652488 17.617522 0.436443
9 78.872932 54.438271 17.373589 0.401927
10 78.872932 58.215765 15.377076 0.319256
11 78.872932 60.548182 14.31318 0.275361
12 78.872932 63.838084 11.930052 0.246786
13 78.872932 63.894167 11.214485 0.159838
14 78.872932 63.549837 10.087092 0.181694
15 78.872932 63.354445 12.394264 0.179146
16 78.872932 64.089743 11.995646 0.159979
17 78.872932 65.701639 9.604606 0.160229
18 78.872932 66.488536 9.35544 0.139863
19 78.872932 67.508203 8.404053 0.139347
20 78.872932 66.995045 9.226656 0.10756
21 83.969205 68.487605 9.294449 0.107902
22 83.969205 68.786225 8.62297 0.106223
23 83.969205 67.591906 9.411612 0.106406
24 83.969205 68.005125 9.385318 0.109046
25 83.969205 67.320391 11.317197 0.110974
26 83.969205 67.573233 11.139505 0.111769
27 83.969205 68.054243 10.403253 0.111272
28 83.969205 68.678503 10.258014 0.109556
29 83.969205 69.149071 10.210869 0.10916
30 84.502032 68.798224 11.083502 0.107899
31 84.502032 69.297556 11.954444 0.105547
32 84.502032 69.626043 12.511207 0.100875
33 84.502032 68.767339 12.885546 0.1027
34 84.502032 68.992463 12.84126 0.097923
35 84.502032 69.381704 11.216518 0.095084
36 84.502032 69.383386 11.286453 0.095124
37 84.502032 68.579364 11.570646 0.09652
38 84.502032 67.911665 12.285501 0.094839
39 84.502032 68.562826 11.395554 0.094986
40 84.502032 69.881989 10.539628 0.094713
41 84.502032 70.25976 9.773757 0.093956
42 84.502032 70.730675 9.037666 0.093648
43 84.502032 69.04622 11.252909 0.091843
44 84.502032 68.952662 11.317021 0.092662
45 84.502032 68.862081 12.007659 0.094806
46 84.502032 67.882238 12.246024 0.094664
47 84.502032 68.220709 12.438091 0.094133
48 84.502032 68.44315 12.784718 0.092139
49 84.502032 69.469406 11.971097 0.091579
50 84.502032 68.073323 12.356906 0.091252
51 84.502032 67.649034 12.5193 0.092935
52 84.502032 68.720463 12.197395 0.094557
53 84.502032 67.892851 12.314032 0.096136
54 84.502032 69.454253 11.60032 0.094643
55 84.502032 69.495201 10.849518 0.096846
56 84.502032 70.035643 10.54279 0.09791
57 84.502032 68.702311 12.12076 0.097251
58 84.502032 68.077504 12.625647 0.097257
59 84.502032 68.838666 12.972035 0.096363
60 84.502032 69.422744 12.789988 0.096032
61 84.502032 68.927822 13.331164 0.095917
62 84.502032 69.391817 13.718636 0.094347
63 84.502032 70.238712 12.863121 0.093344
64 84.502032 70.225982 12.789594 0.096249
65 84.502032 69.517308 13.09187 0.096249
66 84.502032 70.015935 11.997024 0.096111
67 84.502032 70.17574 11.933247 0.096371
68 84.502032 69.68042 12.077798 0.095858
69 84.502032 69.798946 11.329701 0.096452
70 84.502032 70.081746 11.491375 0.095291
71 84.502032 69.316764 12.476329 0.092766
72 84.502032 68.030168 12.915965 0.092028
73 84.877358 68.326688 13.191802 0.090931
74 84.877358 69.671912 12.584504 0.093537
75 84.877358 68.143256 13.63474 0.094683
76 84.877358 67.664509 13.389536 0.093014
77 84.877358 67.760055 13.430484 0.09247
78 84.877358 66.919874 14.112645 0.093011
79 84.877358 66.409685 14.087109 0.095437
80 84.877358 66.499937 14.266453 0.099621
81 84.877358 67.128699 13.859731 0.099408
82 84.877358 66.026283 14.719005 0.098503
83 84.877358 68.210948 13.967502 0.097519
84 84.877358 69.99431 12.747721 0.098228
85 84.877358 69.663452 12.982314 0.100152
86 85.193608 69.555641 13.460484 0.100324
87 85.193608 70.371008 12.718253 0.100328
88 85.193608 69.860521 11.720733 0.102098
89 85.193608 70.761814 10.742444 0.101273
90 85.193608 69.204479 11.554905 0.100934
91 85.193608 69.115959 13.030875 0.102865
92 85.193608 69.507003 11.789855 0.100596
93 85.193608 68.402282 13.023925 0.09967
94 85.193608 69.007868 13.169034 0.101331
95 85.193608 68.637923 13.366298 0.102842
96 85.193608 68.614451 12.878142 0.10206
97 85.193608 68.312701 12.391707 0.102417
98 85.193608 70.1946 11.001851 0.101099
99 85.193608 69.764847 11.058404 0.100613
100 85.193608 69.757507 12.180367 0.102737
101 85.53603 70.226702 11.417925 0.102873
102 85.53603 68.822885 12.532556 0.102982
103 85.53603 70.767338 11.453222 0.103131
104 85.53603 69.268882 13.274401 0.101549
105 85.53603 69.691411 12.617941 0.100779
106 85.53603 68.790812 13.15256 0.100425
107 85.53603 67.611833 15.169902 0.102837
108 85.53603 69.19346 13.124163 0.102439
109 85.53603 68.755201 13.351384 0.104211
110 85.53603 69.478399 13.110722 0.101986
111 85.53603 68.552676 13.180737 0.102804
112 85.53603 68.385964 13.092871 0.101819
113 86.296154 68.170213 13.787578 0.103064
114 86.296154 67.148545 14.414151 0.105533
115 86.296154 67.174171 13.382766 0.104566
116 86.296154 67.323562 13.182249 0.106519
117 86.296154 67.853547 12.827427 0.107655
118 86.296154 67.3117 13.338015 0.108472
119 86.296154 66.789597 14.06228 0.109875
120 86.296154 67.468972 12.396727 0.109421
121 86.296154 67.572465 11.977789 0.109961
122 86.296154 67.767556 12.022316 0.108252
123 86.296154 67.689925 12.578407 0.110641
124 86.296154 67.531009 12.436899 0.109789
125 86.296154 67.84806 12.070917 0.111886
126 86.296154 66.509652 14.29161 0.111039
127 86.296154 68.317606 12.901543 0.111683
128 86.296154 68.642144 13.020912 0.109945
129 86.296154 68.259182 12.640916 0.112585
130 86.296154 67.416047 13.139307 0.114831
131 86.296154 67.145506 14.003391 0.11752
132 86.296154 67.524095 14.219288 0.118098
133 86.296154 67.662177 13.786211 0.116903
134 86.296154 66.6195 15.288682 0.117107
135 86.296154 67.141958 15.102067 0.116465
136 86.296154 65.546246 15.763608 0.11747
137 86.34244 66.136753 15.259116 0.12075
138 86.34244 66.120347 16.618688 0.12314
139 86.34244 67.625649 14.722736 0.122215
140 86.34244 67.106576 15.033228 0.12038
141 86.515805 67.162566 15.444705 0.121348
142 86.515805 67.751972 14.900154 0.118283
143 86.515805 67.502218 14.589374 0.118293
144 86.515805 66.816145 15.160526 0.120398
145 86.515805 66.683129 16.745181 0.123545
146 86.515805 67.345765 15.923331 0.123794
147 86.515805 67.277506 15.300111 0.120996
148 86.515805 65.633544 16.118613 0.120969
149 86.515805 66.896725 15.627568 0.120246
150 86.515805 67.047134 15.440081 0.121421
151 86.515805 66.292685 14.757485 0.122549
152 86.515805 66.184187 14.544765 0.122307
153 86.515805 66.165883 15.709943 0.121918
154 86.515805 66.09777 15.185705 0.126118
155 86.515805 66.064114 14.919155 0.126357
156 86.515805 67.267921 14.289844 0.12171
157 86.515805 66.478805 14.771882 0.118458
158 86.515805 66.523563 15.147987 0.115856
159 86.515805 67.507467 14.651809 0.117548
160 86.515805 68.091376 13.943606 0.112414
161 86.515805 68.10969 14.534318 0.110933
162 86.515805 68.86788 13.223371 0.113382
163 86.515805 68.141884 15.792411 0.114358
164 86.515805 67.434063 16.423901 0.110889
165 86.515805 66.597316 17.123967 0.103167
166 86.515805 66.781103 17.258191 0.101654
167 86.515805 66.016933 16.884724 0.10019
168 86.515805 66.397525 16.025725 0.09633
169 86.515805 65.952907 15.270032 0.095694
170 87.109298 66.961066 15.630335 0.096185
171 87.109298 67.593399 15.703887 0.093723
172 87.109298 68.77106 13.269059 0.093346
173 87.109298 69.251549 14.618066 0.091121
174 87.109298 68.133049 15.265456 0.092167
175 87.109298 68.36653 15.692504 0.094817
176 87.109298 69.977858 13.317414 0.093149
177 87.109298 70.231128 14.294813 0.093527
178 87.109298 70.241159 15.008066 0.088416
179 87.109298 70.694065 13.033813 0.089841
180 87.109298 70.626496 13.898519 0.091719
181 87.109298 68.091489 16.3723 0.09155
182 87.109298 66.24877 17.179848 0.094022
183 87.109298 68.320989 15.971398 0.097174
184 87.109298 68.61208 14.83586 0.09941
185 87.109298 67.453641 15.64304 0.097611
186 87.109298 69.342772 14.490783 0.094818
187 87.109298 67.68688 15.144753 0.094183
188 87.109298 68.026158 14.669814 0.092835
189 87.109298 67.956717 14.660874 0.091316
190 87.109298 68.376899 15.147329 0.091926
191 87.109298 67.37953 15.448821 0.090602
192 87.109298 65.574985 15.702862 0.089209
193 87.109298 65.078698 17.429335 0.09308
194 87.109298 65.828382 16.998256 0.093947
195 87.109298 67.237737 15.10962 0.092562
196 87.109298 67.326303 15.580124 0.090506
197 87.109298 66.861973 15.507159 0.087029
198 87.109298 68.15824 14.586711 0.086172
199 87.109298 69.019889 13.546791 0.085231