

gen best mean std div
0 43.274571 -2.740131 8.867188 0.761333
1 43.274571 0.699591 11.716173 0.747354
2 43.274571 5.438872 13.156452 0.734756
3 49.646315 12.739738 14.689523 0.7119
4 49.646315 18.336929 13.523292 0.691725
5 52.389846 23.519528 13.301603 0.673409
6 52.389846 28.531571 13.082993 0.633412
7 52.389846 32.943657 12.079532 0.597536
8 54.618829 35.165518 11.565474 0.564339
9 54.998506 38.630997 10.459448 0.512804
10 78.246142 41.29451 10.67374 0.479041
11 78.246142 43.19961 11.436569 0.469628
12 78.246142 44.103029 11.477839 0.458677
13 78.246142 46.314409 11.40293 0.432997
14 78.246142 47.515562 12.063395 0.423838
15 78.246142 48.661998 11.516064 0.41661
16 78.248018 50.329114 12.13627 0.388532
17 78.380745 50.946748 12.508339 0.369782
18 78.380745 51.725014 12.446817 0.343654
19 78.380745 53.245604 12.475716 0.308664
20 78.380745 53.092642 13.062304 0.297064
21 78.380745 54.634232 12.671889 0.266243
22 78.380745 55.741449 13.216648 0.242808
23 78.380745 55.587291 12.941868 0.212416
24 78.380745 55.093174 13.64189 0.210297
25 78.380745 54.187669 12.895437 0.195055
26 78.380745 55.092962 12.958847 0.16638
27 78.380745 56.115408 12.741255 0.160691
28 78.380745 55.497013 12.96872 0.138233
29 78.380745 56.455702 12.468881 0.139022
30 78.380745 56.662927 12.624528 0.138813
31 78.463035 57.282044 12.789933 0.137897
32 78.463035 56.937081 12.294223 0.131315
33 78.463035 56.980873 12.355561 0.112064
34 78.463035 57.001272 12.602921 0.111159
35 78.463035 57.503769 12.364098 0.110792
36 78.463035 56.554785 13.064902 0.113801
37 78.463035 57.931256 13.11543 0.118341
38 78.463035 59.148288 12.936764 0.119651
39 78.463035 58.93184 12.498947 0.115594
40 78.463035 58.606114 12.621526 0.113199
41 78.463035 58.509203 13.110715 0.112878
42 78.463035 57.676813 13.291707 0.108843
43 78.463035 59.56438 12.669292 0.107856
44 78.463035 58.932445 13.556065 0.103318
45 78.463035 59.869352 13.129049 0.095669
46 78.463035 58.690448 13.616577 0.096738
47 78.463035 59.291923 13.874353 0.088081
48 78.463035 58.998782 13.869691 0.081658
49 78.463035 58.293273 13.882587 0.079323
50 78.463035 58.181306 13.477703 0.079552
51 78.57812 58.048816 13.747926 0.08276
52 78.57812 56.715845 13.388382 0.084783
53 78.57812 56.815968 13.660098 0.08548
54 78.57812 57.057901 13.495463 0.088987
55 78.57812 57.752746 13.82138 0.093626
56 78.57812 58.726687 13.9301 0.095968
57 78.57812 56.928176 14.107902 0.1004
58 78.57812 57.191827 14.381487 0.103782
59 78.57812 57.651731 14.390382 0.103701
60 78.57812 57.43939 13.976895 0.107327
61 78.57812 57.28546 14.028545 0.109494
62 78.57812 59.64371 13.920216 0.11322
63 78.57812 59.87747 14.143164 0.11585
64 78.57812 58.752365 14.735126 0.114455
65 78.57812 59.07885 14.88291 0.114603
66 78.57812 59.640449 14.445941 0.112588
67 78.57812 59.682455 14.197816 0.112129
68 78.57812 60.776065 13.273048 0.111943
69 78.57812 59.945081 13.101938 0.113727
70 78.57812 60.117584 13.521567 0.112184
71 78.57812 59.944763 13.154053 0.110952
72 78.57812 60.038781 13.107281 0.111467
73 78.57812 59.886407 13.290342 0.110104
74 78.57812 59.989021 12.866178 0.109151
75 78.57812 60.273602 13.123078 0.108962
76 78.57812 60.698717 13.765613 0.10663
77 78.57812 60.173165 13.635138 0.106091
78 78.57812 60.867203 13.66107 0.102949
79 78.57812 61.750141 12.850073 0.099152
80 78.57812 62.65207 12.798427 0.098003
81 78.57812 61.496002 12.703597 0.101364
82 78.57812 61.852138 12.622042 0.096527
83 78.580032 62.162271 12.884113 0.098483
84 78.580032 61.926439 13.632294 0.099192
85 78.580032 62.08399 13.50504 0.094705
86 78.580032 62.853074 13.079128 0.095581
87 78.580032 63.106445 12.997309 0.095955
88 78.580032 62.848615 12.918097 0.095958
89 78.580032 62.445933 13.120201 0.095687
90 78.580032 61.097794 13.952194 0.089322
91 78.580032 61.145473 14.170157 0.090826
92 78.580032 62.529743 13.16855 0.089494
93 78.580032 62.463529 13.354683 0.089645
94 78.580032 63.033633 12.515698 0.085385
95 78.580032 61.84159 13.313757 0.081154
96 78.580032 61.568757 13.62416 0.079797
97 78.580032 61.430176 13.340543 0.079739
98 78.580032 61.447276 13.514018 0.079979
99 78.580032 62.14909 13.228761 0.079706
100 78.580032 62.672002 12.815957 0.07944
101 78.587737 63.827562 12.523833 0.084425
102 78.587737 63.802602 13.188293 0.086751
103 78.587737 62.8629 13.434289 0.084673
104 78.587737 60.767133 14.535602 0.083421
105 78.587737 60.82317 14.388144 0.083793
106 78.587737 60.53308 15.314013 0.083205
107 78.587737 60.419185 15.137583 0.084842
108 78.587737 61.120069 14.249171 0.084735
109 78.587737 62.679583 14.172904 0.084913
110 78.587737 63.41537 14.625154 0.085567
111 78.587737 62.901841 14.419457 0.086472
112 78.587737 61.984677 14.76229 0.086858
113 78.587737 60.369917 15.736126 0.087089
114 78.587737 62.111197 13.866052 0.08636
115 78.587737 60.842234 14.606846 0.087079
116 78.587737 61.503333 14.385273 0.087
117 78.587737 60.367206 14.651027 0.086561
118 78.587737 61.120747 13.869926 0.087447
119 78.587737 61.921227 13.399638 0.087151
120 78.587737 61.659552 13.259158 0.08713
121 78.587737 61.857685 13.68149 0.088158
122 78.587737 60.895916 14.258792 0.088566
123 78.587737 61.864189 13.397451 0.088472
124 78.587737 61.31828 13.518167 0.088968
125 78.587737 60.874081 13.538088 0.087396
126 78.587737 61.43028 12.889725 0.089854
127 78.600627 62.627005 12.651026 0.088131
128 78.600627 61.816431 13.063629 0.087987
129 78.600627 61.531246 13.325296 0.088425
130 78.600627 61.428716 13.083784 0.087241
131 78.600627 62.370015 13.035187 0.086649
132 78.600627 61.475378 13.57111 0.086447
133 78.600627 61.324751 12.84986 0.086664
134 78.600627 61.221732 12.505499 0.087024
135 78.600627 60.768555 12.709495 0.090358
136 78.600627 62.161336 12.564815 0.088407
137 78.600627 61.703694 12.55327 0.087554
138 78.600627 63.372076 12.514909 0.088491
139 83.823487 63.183063 12.976437 0.088636
140 83.823487 62.81533 12.169229 0.086688
141 83.823487 62.565526 11.860685 0.088929
142 83.823487 63.635549 11.75284 0.090569
143 83.823487 63.943026 11.826917 0.088966
144 83.823487 63.029549 12.123778 0.08945
145 83.823487 62.881326 12.114114 0.08778
146 83.823487 61.809159 12.38912 0.088576
147 83.823487 62.267073 12.106525 0.089586
148 83.823487 61.558819 11.726307 0.088897
149 83.823487 60.822067 12.309343 0.091371
150 83.823487 60.312909 12.314798 0.091997
151 84.31211 60.122495 12.410819 0.091582
152 84.31211 61.33088 12.593958 0.09046
153 84.31211 60.71453 12.672912 0.092245
154 84.31211 62.607316 12.598825 0.095047
155 84.31211 62.452884 13.347349 0.093738
156 84.31211 63.034558 13.234836 0.094176
157 84.31211 62.124398 14.276958 0.091578
158 84.31211 64.074853 13.166343 0.091367
159 84.31211 64.761946 13.267321 0.08773
160 84.31211 64.485792 13.620498 0.085624
161 84.31211 63.879481 13.265167 0.086037
162 84.31211 64.259628 13.603815 0.085548
163 84.31211 64.637134 13.204533 0.082503
164 84.31211 63.86979 13.935213 0.084501
165 84.31211 62.866904 14.091694 0.083651
166 84.31211 65.007186 13.399222 0.082513
167 84.31211 64.069006 13.657492 0.082804
168 84.31211 63.251865 14.160047 0.081754
169 84.31211 61.192667 14.196747 0.081612
170 84.31211 60.554496 14.377529 0.080238
171 84.31211 60.776468 14.499608 0.07984
172 84.31211 61.872158 14.227678 0.080374
173 84.31211 61.727404 13.951839 0.079897
174 84.31211 62.780223 14.088202 0.077836
175 84.31211 62.413113 14.127409 0.076601
176 84.31211 63.982189 14.216288 0.075928
177 84.31211 63.525793 14.399589 0.075176
178 84.31211 63.869515 14.28274 0.071667
179 84.31211 63.621363 14.228423 0.071756
180 84.31211 64.370098 13.820086 0.070515
181 84.31211 63.746087 13.655306 0.070103
182 84.31211 63.373281 13.808703 0.070116
183 84.31211 62.802713 14.607583 0.070157
184 84.31211 63.013753 14.482588 0.069008
185 84.31211 62.619446 14.287859 0.069284
186 84.31211 62.850869 14.552523 0.068595
187 84.31211 61.851137 14.229334 0.070039
188 84.31211 62.669652 13.905094 0.070896
189 84.31211 61.669658 14.216277 0.071609
190 84.31211 62.293899 13.781982 0.072154
191 84.31211 63.269464 13.705898 0.07259
192 84.31211 64.498471 13.20028 0.071356
193 84.31211 65.484151 13.020847 0.069591
194 84.31211 65.106936 13.522514 0.069925
195 84.31211 64.971037 13.515846 0.070471
196 84.31211 63.75099 13.704294 0.070864
197 84.31211 63.926353 13.975971 0.071814
198 84.31211 66.113015 12.214721 0.071499
199 84.31211 65.934823 12.675309 0.070426