

gen best mean std div
0 42.339588 -3.349081 8.386107 0.761518
1 48.685633 -0.319825 11.699471 0.749252
2 48.685633 5.239147 14.613822 0.740362
3 49.176012 11.327787 16.560936 0.726309
4 49.181491 19.645822 16.367651 0.696107
5 49.181491 26.618012 15.186811 0.646901
6 58.478006 32.253072 14.163641 0.570071
7 58.478006 35.903023 12.170736 0.47337
8 61.483131 38.511485 11.589543 0.380934
9 73.012336 41.537695 10.585892 0.304217
10 73.012336 42.608697 10.272685 0.212019
11 73.012336 43.725066 11.160715 0.189557
12 73.012336 45.299064 10.247282 0.134878
13 73.012336 46.413597 9.930772 0.136179
14 73.012336 46.906749 10.367005 0.091612
15 73.012336 47.173658 11.200868 0.094287
16 73.012336 46.695349 10.808546 0.094493
17 73.012336 47.616269 10.684941 0.094825
18 78.352142 46.64413 11.798294 0.096868
19 78.352142 48.169525 11.352317 0.096641
20 78.352142 48.934751 11.86287 0.095184
21 78.352142 48.8205 13.017133 0.093987
22 78.352142 49.447257 12.772244 0.093634
23 78.352142 49.194926 12.365061 0.094683
24 78.352142 49.560379 12.940271 0.096479
25 78.352142 50.457833 13.078822 0.096228
26 78.352142 48.777026 14.559177 0.094692
27 78.352142 51.22562 12.950524 0.09304
28 78.352142 51.462642 12.494643 0.093466
29 78.352142 50.639452 12.776397 0.092606
30 78.352142 51.865057 13.291538 0.09166
31 78.352142 50.715883 14.126998 0.089098
32 78.352142 49.9781 13.360239 0.093018
33 78.352142 50.55325 13.862906 0.091965
34 78.352142 51.504482 13.510329 0.091325
35 78.352142 52.335885 13.133345 0.091782
36 78.352142 52.971688 12.862991 0.092865
37 78.352142 52.674277 13.743894 0.093147
38 78.352142 53.461831 13.100869 0.090026
39 78.352142 55.17171 12.438263 0.087776
40 78.437378 55.521072 13.302676 0.090879
41 78.437378 55.688002 13.546934 0.090464
42 78.437378 56.366043 13.925947 0.095644
43 78.437378 55.476271 14.164885 0.098967
44 78.437378 53.308285 16.120927 0.098232
45 78.437378 54.321024 14.988986 0.10082
46 78.437378 55.214575 13.520368 0.100957
47 78.437378 54.665927 14.053243 0.10312
48 78.437378 54.383459 14.399018 0.10574
49 78.437378 53.107019 13.564349 0.102991
50 78.437378 54.128251 13.694139 0.103509
51 78.437378 54.962903 12.78111 0.10581
52 78.437378 54.74159 12.684048 0.108989
53 78.437378 54.692503 13.653105 0.110604
54 78.437378 54.592404 13.870018 0.109369
55 78.437378 54.881603 13.080914 0.106193
56 78.437378 55.46314 12.168769 0.10248
57 83.846379 56.153691 12.519882 0.099443
58 83.846379 56.157628 12.624451 0.103759
59 83.846379 56.247839 13.390284 0.105786
60 83.846379 56.969306 12.439275 0.104942
61 83.846379 55.884669 12.919679 0.107613
62 83.846379 54.464404 13.45131 0.112439
63 83.846379 54.92578 13.475342 0.116779
64 83.846379 54.378494 14.025511 0.119572
65 83.846379 55.246791 15.007494 0.122273
66 83.846379 56.422344 14.319109 0.124155
67 83.846379 56.035139 15.317282 0.124535
68 83.846379 57.777081 13.609554 0.125417
69 83.846379 57.987129 13.130556 0.125604
70 83.846379 58.171473 12.953155 0.124827
71 83.846379 57.356019 14.399673 0.123976
72 83.846379 59.600519 13.565524 0.123153
73 83.846379 57.378837 16.053568 0.119293
74 83.846379 58.671252 14.438363 0.116214
75 83.846379 58.41477 14.240252 0.11126
76 83.846379 59.620874 13.211819 0.102437
77 83.846379 58.912761 14.674004 0.09907
78 83.846379 58.197797 14.827183 0.098554
79 83.846379 60.592164 14.058809 0.093068
80 83.846379 61.099969 13.705902 0.091512
81 84.275583 62.424506 12.72642 0.087585
82 84.275583 63.101232 11.925528 0.083869
83 84.275583 63.635158 12.404594 0.079927
84 84.275583 63.855578 11.840156 0.081086
85 84.275583 61.950293 12.875049 0.081078
86 84.275583 61.304008 13.500602 0.085287
87 84.275583 61.816056 12.661606 0.081122
88 84.275583 62.255987 13.813287 0.080969
89 84.275583 63.540175 12.452751 0.077998
90 84.275583 63.575709 11.494886 0.078829
91 84.275583 63.162067 12.945245 0.07739
92 84.275583 62.140916 13.453042 0.078184
93 84.275583 62.383305 13.619662 0.0786
94 84.275583 64.337165 12.954062 0.077662
95 84.275583 63.99405 13.813626 0.07794
96 84.275583 63.856159 13.91933 0.07761
97 84.275583 63.381203 13.684776 0.079526
98 84.275583 64.413122 12.226791 0.079546
99 84.275583 64.07882 12.19 0.080614
100 84.275583 65.339395 12.23964 0.080143
101 84.275583 65.255235 13.801706 0.079189
102 84.275583 65.571321 13.071202 0.07994
103 84.275583 66.425766 11.543977 0.079758
104 84.275583 66.990516 11.320568 0.080256
105 84.275583 67.234856 11.252944 0.079416
106 84.275583 66.493237 12.632456 0.077733
107 84.275583 64.925954 13.14663 0.077725
108 84.275583 63.676822 13.433864 0.077456
109 84.275583 64.627631 12.320774 0.078632
110 84.275583 64.43865 12.400964 0.077502
111 84.275583 64.787078 12.905688 0.079116
112 84.275583 64.545468 13.405133 0.077805
113 84.278831 65.319176 12.925706 0.079053
114 84.278831 64.999432 12.573897 0.080321
115 84.278831 63.178952 13.411395 0.081112
116 84.278831 63.101999 13.174522 0.081778
117 84.278831 61.841084 13.793777 0.084006
118 84.278831 61.707823 13.994431 0.08228
119 84.278831 62.962052 13.76855 0.084763
120 84.278831 63.310277 12.284203 0.086833
121 84.278831 64.236973 12.143086 0.08755
122 84.278831 63.464261 13.796779 0.087619
123 84.278831 62.685335 13.626181 0.086778
124 84.278831 64.646311 12.44752 0.087579
125 84.278831 63.169099 12.644491 0.088175
126 84.278831 65.297976 11.803852 0.08774
127 84.278831 63.627228 12.88295 0.08791
128 84.278831 62.940891 13.562866 0.088549
129 84.278831 63.444991 13.298164 0.087137
130 84.278831 62.176733 14.716554 0.088165
131 84.278831 63.268995 13.162904 0.086473
132 84.278831 64.436133 12.618271 0.08489
133 84.278831 62.916854 14.67172 0.084326
134 84.278831 63.422741 14.074406 0.086577
135 84.278831 65.21335 12.218467 0.087407
136 84.278831 65.091214 12.690828 0.087576
137 84.278831 65.213913 12.568233 0.088957
138 84.278831 63.799441 14.575322 0.08824
139 84.278831 65.290383 12.424453 0.090372
140 84.278831 65.126679 13.9961 0.090585
141 84.278831 65.166061 13.851751 0.090764
142 84.278831 64.926979 14.128403 0.090173
143 84.278831 65.052586 14.305398 0.091745
144 84.278831 65.465101 14.206259 0.091625
145 84.278831 65.433855 14.444717 0.089157
146 84.278831 66.12819 12.5799 0.088717
147 84.278831 66.938751 12.32125 0.089319
148 84.278831 66.459114 12.886635 0.084654
149 84.278831 66.392315 12.734962 0.08452
150 84.278831 66.37026 12.174366 0.084567
151 84.278831 66.35487 12.657868 0.08324
152 84.278831 64.779968 13.504495 0.081503
153 84.278831 64.968022 13.799399 0.081515
154 84.278831 65.67418 13.090839 0.079208
155 84.278831 65.743849 12.663781 0.076831
156 84.278831 65.179762 13.879824 0.077711
157 84.278831 65.097882 13.597214 0.076177
158 84.278831 64.04176 15.520728 0.077513
159 84.278831 65.94074 13.661993 0.07921
160 84.278831 65.426175 12.529947 0.07615
161 84.278831 66.240766 12.179233 0.077223
162 84.278831 65.062195 12.919826 0.079653
163 84.278831 65.10412 12.537513 0.078789
164 84.278831 62.770718 14.944779 0.078466
165 84.278831 63.460125 14.201766 0.079317
166 84.278831 63.691347 14.024476 0.079397
167 84.278831 62.297559 15.122213 0.078273
168 84.278831 61.618692 15.132487 0.077226
169 84.278831 61.385271 14.458008 0.075739
170 84.278831 60.68258 14.920364 0.07659
171 84.278831 62.010378 14.640309 0.074815
172 84.278831 62.620516 13.266239 0.075218
173 84.278831 62.549703 13.6233 0.074626
174 84.278831 61.372737 15.442241 0.072325
175 84.278831 62.942607 13.373723 0.071948
176 84.278831 64.458292 12.467062 0.072955
177 84.278831 65.079072 13.114445 0.072406
178 84.570977 63.987499 14.4084 0.072976
179 84.570977 64.110316 14.260145 0.073115
180 84.570977 63.139645 14.970853 0.074751
181 84.570977 64.222184 13.678676 0.074792
182 84.570977 62.474017 15.134784 0.075792
183 84.570977 63.370785 13.764747 0.076495
184 84.570977 62.865619 13.560855 0.076111
185 84.570977 64.38143 13.039887 0.075541
186 84.570977 63.240601 13.958487 0.075501
187 84.570977 61.659078 15.057599 0.075834
188 84.570977 61.412559 14.396776 0.076549
189 84.570977 62.055358 13.497016 0.077753
190 84.570977 62.731749 13.513333 0.078999
191 84.570977 63.347991 14.513754 0.079133
192 84.570977 64.660348 11.897611 0.078487
193 84.570977 65.021326 12.802895 0.077887
194 84.570977 64.360731 12.791894 0.077792
195 84.570977 63.931958 12.460045 0.079011
196 84.570977 65.407869 11.881628 0.08022
197 84.570977 64.79065 12.672482 0.080487
198 84.570977 64.949809 12.896549 0.081089
199 84.570977 65.2002 12.146819 0.080742