

gen best mean std div
0 33.790706 -3.476805 7.351248 0.762988
1 33.791841 -0.656306 9.590918 0.750413
2 33.792759 3.238349 11.61837 0.735311
3 46.384742 9.299599 13.173296 0.721585
4 46.385764 16.130577 12.598832 0.69446
5 46.385764 21.207898 12.163136 0.648624
6 46.386791 27.072211 11.448392 0.568124
7 46.431457 30.404888 11.436694 0.499137
8 52.494526 34.474178 11.08711 0.405813
9 69.904957 38.278954 10.713315 0.290053
10 69.904957 40.506501 9.924289 0.276894
11 72.800888 43.234872 9.844675 0.187377
12 72.800888 44.841179 9.983655 0.127022
13 72.800888 46.35823 10.222846 0.128428
14 72.800888 48.245892 9.427712 0.085557
15 72.800888 49.523701 9.900566 0.087825
16 72.800888 50.943046 10.128342 0.088579
17 72.800888 51.142597 9.934049 0.090194
18 72.800888 49.915759 10.227482 0.09063
19 72.800888 50.824151 10.521276 0.089568
20 72.800888 50.774095 10.864296 0.089652
21 72.800888 51.923562 10.718038 0.090859
22 72.800888 52.460172 11.421918 0.092122
23 72.800888 54.404731 10.2747 0.092789
24 72.800888 55.407672 10.268382 0.092279
25 72.800888 54.294649 10.254246 0.092723
26 72.800888 54.402449 10.173697 0.093323
27 72.800888 55.058453 10.418497 0.093914
28 74.791772 56.564824 8.581591 0.095739
29 74.791772 55.627774 8.704773 0.096474
30 74.791772 54.516497 10.144293 0.097692
31 74.791772 55.454417 10.248885 0.100124
32 74.791772 54.795418 10.745795 0.102622
33 74.822099 55.4165 11.28037 0.105934
34 78.506506 56.599883 11.557466 0.106716
35 78.506506 57.447977 12.201505 0.107848
36 78.506506 56.918107 12.961396 0.108004
37 78.506506 57.094441 12.566374 0.106985
38 78.506506 58.178931 11.609951 0.105185
39 78.506506 58.873323 12.415584 0.104324
40 78.506506 59.58175 11.798681 0.104256
41 78.506506 61.172163 10.659669 0.102943
42 78.506506 60.384863 11.500124 0.10072
43 78.506506 61.811365 11.53959 0.098892
44 78.506506 62.317278 10.987165 0.098354
45 78.537775 63.181854 10.767596 0.097024
46 78.537775 62.43322 10.754283 0.094759
47 78.537775 62.966074 11.145535 0.090189
48 78.537775 63.026331 11.699874 0.08694
49 78.537775 63.172404 11.720449 0.08322
50 78.537775 63.01147 11.950214 0.086758
51 78.537775 64.076771 11.502582 0.088286
52 78.537775 63.950722 11.654241 0.08629
53 78.537775 63.27927 12.37899 0.08793
54 78.537775 62.081444 13.275968 0.088681
55 78.537775 61.831894 13.44301 0.088336
56 78.537775 62.757837 12.126319 0.08834
57 83.279573 63.613195 13.111619 0.089758
58 83.279573 64.633265 12.015697 0.093609
59 83.279573 64.993253 11.657469 0.095783
60 83.279573 63.185967 13.326357 0.094545
61 83.279573 63.506054 13.793602 0.092522
62 83.279573 63.167435 14.109438 0.094167
63 83.279573 64.621442 12.85428 0.093663
64 83.279573 64.1966 13.543542 0.094501
65 83.279573 64.617396 13.304707 0.094145
66 83.279573 65.399549 12.101545 0.09443
67 83.279573 64.527916 12.169141 0.08921
68 83.279573 62.713707 13.978418 0.089462
69 83.279573 62.772265 14.119474 0.088229
70 83.755298 63.53265 14.30692 0.088994
71 83.755298 64.092148 13.581051 0.090657
72 83.755298 64.146988 13.633185 0.092146
73 83.755298 63.850059 14.804073 0.092093
74 83.755298 65.498034 12.715262 0.092798
75 83.755298 65.280483 12.677819 0.09405
76 83.755298 65.028282 12.858915 0.093482
77 83.755298 65.649549 11.130022 0.094486
78 83.755298 65.962592 11.73492 0.09346
79 83.755298 64.539892 12.562578 0.093577
80 83.755298 64.063873 13.750604 0.093177
81 83.755298 63.824947 13.3292 0.093448
82 83.755298 64.499931 12.758629 0.094154
83 83.755298 65.398721 11.973282 0.090908
84 84.028712 64.089607 13.129824 0.08996
85 84.028712 65.278927 12.973544 0.088624
86 84.028712 65.132714 12.620256 0.0875
87 84.028712 64.847831 12.490042 0.088933
88 84.028712 65.337115 12.869977 0.086785
89 84.028712 65.919084 11.62563 0.084328
90 84.028712 64.613379 13.777935 0.083997
91 84.028712 64.610606 13.88436 0.084426
92 84.028712 63.363996 14.142785 0.084798
93 84.028712 64.279145 13.154998 0.081715
94 84.028712 63.970443 13.863678 0.077857
95 84.028712 65.137454 13.355957 0.075832
96 84.028712 65.568253 13.655909 0.075871
97 84.028712 66.106681 12.143142 0.07449
98 84.028712 65.731209 12.505558 0.075154
99 84.028712 63.761608 13.533082 0.074632
100 84.028712 64.249716 13.145014 0.073964
101 84.028712 64.186151 13.444225 0.072161
102 84.028712 63.902853 12.327158 0.073913
103 84.028712 64.967946 12.172693 0.074424
104 84.028712 65.829015 12.116424 0.07548
105 84.028712 65.659014 12.926216 0.074205
106 84.028712 65.732128 12.784891 0.074677
107 84.028712 66.543024 11.834979 0.074812
108 84.028712 65.09699 12.660884 0.074261
109 84.028712 65.344782 12.32222 0.076842
110 84.028712 64.104906 13.263733 0.080297
111 84.028712 64.149669 13.499988 0.08025
112 84.028712 64.458917 13.286635 0.077495
113 84.028712 63.942679 12.251707 0.076925
114 84.028712 64.215752 12.67527 0.076371
115 84.028712 64.350987 11.95332 0.076603
116 84.028712 63.014744 13.75789 0.076161
117 84.028712 63.936862 13.229741 0.076106
118 84.028712 63.589038 13.466473 0.075205
119 84.028712 63.417711 13.526452 0.072541
120 84.251643 64.840521 14.044768 0.075382
121 84.251643 66.358941 12.660103 0.076495
122 84.251643 67.092159 12.701375 0.076714
123 84.251643 65.228308 13.280592 0.079406
124 84.251643 65.549455 13.069865 0.081498
125 84.266327 66.440182 12.822284 0.081055
126 84.266327 65.899301 12.755004 0.081636
127 84.266327 66.014281 12.367882 0.082089
128 84.266327 65.45017 12.99791 0.082793
129 84.266327 65.275238 12.843206 0.084082
130 84.266327 65.377403 13.251695 0.086626
131 84.266327 65.833436 12.932319 0.085953
132 84.266327 64.397234 14.319895 0.084968
133 84.266327 64.42312 13.653973 0.085559
134 84.266327 64.986912 13.706382 0.085109
135 84.266327 66.84841 13.454629 0.083332
136 84.266327 66.534279 12.994558 0.083523
137 84.266327 66.746279 13.708339 0.081458
138 84.266327 67.064403 13.720726 0.08178
139 84.28771 66.856684 13.747618 0.080749
140 84.28771 66.172537 13.572556 0.080026
141 84.28771 66.933715 13.479768 0.079152
142 84.28771 68.074934 11.700886 0.079301
143 84.28771 66.635817 12.737045 0.077415
144 84.28771 65.528045 13.316169 0.07672
145 84.28771 65.465059 13.783355 0.075378
146 84.28771 64.455863 14.477771 0.073252
147 84.28771 64.491399 14.498235 0.074474
148 84.28771 64.541886 14.253542 0.072216
149 84.28771 64.720534 14.405132 0.073216
150 84.28771 66.593227 13.505531 0.073023
151 84.28771 65.868158 14.133344 0.074567
152 84.28771 66.653385 13.339926 0.073258
153 84.28771 66.248733 13.959543 0.073233
154 84.28771 65.161973 14.954231 0.071358
155 84.28771 64.094837 15.260957 0.071614
156 84.28771 64.442183 15.614392 0.068971
157 84.28771 64.498321 14.47411 0.069702
158 84.28771 65.142187 14.427028 0.068949
159 84.28771 65.116682 14.285893 0.06671
160 84.28771 64.685214 14.592886 0.067027
161 84.28771 64.528227 14.700836 0.068432
162 84.28771 64.506967 14.243406 0.071767
163 84.28771 63.6518 14.551736 0.06894
164 84.28771 62.335834 14.491409 0.069184
165 84.28771 63.994079 13.84131 0.069444
166 84.28771 65.647685 13.389065 0.06792
167 84.28771 65.525346 14.27919 0.070581
168 84.28771 64.569166 15.150921 0.071129
169 84.28771 65.253793 14.492613 0.071264
170 84.28771 66.578676 13.258346 0.071192
171 84.28771 67.841959 12.426887 0.069716
172 84.458166 67.27959 12.508166 0.071226
173 84.458166 66.203102 12.373685 0.074795
174 84.458166 66.659091 12.444947 0.076731
175 84.458166 65.809717 13.296864 0.075907
176 84.458166 65.408514 12.605251 0.077903
177 84.458166 65.322607 12.765477 0.078838
178 84.458166 64.695064 13.761662 0.081228
179 84.458166 65.001273 13.761944 0.080149
180 84.458166 63.985506 14.344919 0.080967
181 84.458166 65.128905 13.840932 0.079425
182 84.458166 62.596708 14.52404 0.079684
183 84.458166 61.529844 15.30751 0.080399
184 84.458166 63.326596 13.357913 0.081339
185 84.458166 63.424681 13.762262 0.081909
186 84.458166 64.23996 14.672073 0.083943
187 84.458166 63.721113 13.396369 0.084269
188 84.458166 64.083519 13.260955 0.08528
189 84.458166 63.466354 13.228947 0.084473
190 84.458166 63.540726 13.267641 0.085727
191 84.458166 63.64895 13.186207 0.086936
192 84.458166 62.944318 14.247499 0.088666
193 84.458166 63.014615 13.975773 0.087172
194 84.458166 63.086704 13.462909 0.08697
195 84.458166 62.377298 13.356439 0.086226
196 84.458166 62.605763 13.955203 0.08811
197 84.458166 62.545322 14.374713 0.088254
198 84.458166 62.493468 14.443286 0.090053
199 84.458166 63.129597 14.057648 0.090689