

gen best mean std div
0 29.748067 -2.274716 8.520341 0.760982
1 43.607225 1.309098 11.216438 0.752016
2 43.607225 6.368901 12.530892 0.741989
3 43.607225 10.609692 12.730697 0.730948
4 43.607225 16.710152 11.340457 0.711477
5 43.607225 20.990593 9.892488 0.682605
6 43.607225 23.568346 8.575528 0.647772
7 58.752932 25.215946 9.984715 0.635544
8 58.752932 27.66691 10.276891 0.600395
9 58.752932 28.562067 10.341899 0.590897
10 58.752932 30.449401 10.979638 0.590249
11 58.752932 31.595476 10.959281 0.574053
12 58.752932 33.376375 11.739085 0.54157
13 58.752932 34.27244 12.094448 0.531012
14 58.752932 34.091029 13.485773 0.526805
15 75.042662 37.091083 14.373911 0.489497
16 75.042662 38.342546 14.237362 0.464971
17 75.042662 39.531333 13.910263 0.410569
18 78.317128 41.168135 14.997667 0.365619
19 78.317128 43.589945 14.976698 0.313559
20 78.317128 44.288334 15.348904 0.292277
21 78.317128 46.124309 14.474564 0.243187
22 78.317128 45.325868 15.265657 0.226105
23 78.317128 47.444905 14.922951 0.187613
24 78.317128 47.694905 15.438034 0.161799
25 78.317128 48.155157 15.971609 0.123978
26 78.317128 48.698569 15.978926 0.125292
27 78.317128 49.85464 15.542759 0.126827
28 78.607862 51.248664 15.413354 0.084432
29 78.607862 52.262402 14.651792 0.084437
30 78.607862 53.517013 14.373456 0.087203
31 78.607862 53.889366 15.348473 0.087498
32 84.635495 53.211349 16.207746 0.085018
33 84.635495 53.971197 17.197153 0.085749
34 84.673962 55.341583 16.57736 0.088931
35 84.673962 53.834553 17.243377 0.091783
36 84.673962 55.236256 16.595673 0.092084
37 84.739726 56.16295 17.925895 0.092892
38 84.739726 57.559129 17.231772 0.09517
39 84.739726 58.547155 16.921554 0.094871
40 84.739726 58.782413 17.030183 0.095963
41 84.739726 59.27032 17.552135 0.095189
42 84.739726 58.373912 17.882507 0.096291
43 84.739726 59.507024 16.816961 0.097894
44 84.739726 58.508961 17.313877 0.101072
45 84.739726 57.048899 17.841619 0.100698
46 84.739726 56.367103 17.277051 0.102701
47 84.739726 55.830742 18.016623 0.104849
48 84.739726 57.898484 16.567037 0.10162
49 84.739726 58.221317 18.402193 0.101111
50 84.739726 58.931302 18.777688 0.09962
51 84.739726 59.884672 17.776357 0.100088
52 84.739726 59.539988 17.453451 0.100255
53 84.739726 58.810949 17.468734 0.100278
54 84.739726 61.072035 15.960446 0.101096
55 84.739726 58.496465 17.862621 0.102782
56 84.739726 60.515694 16.425047 0.099984
57 84.739726 60.611375 16.246339 0.098304
58 84.739726 61.225758 15.525294 0.0971
59 84.739726 62.062182 15.088514 0.094442
60 84.739726 61.770364 15.816835 0.094
61 84.739726 63.605727 14.516554 0.092279
62 84.739726 62.469702 16.223195 0.093652
63 84.739726 62.621832 15.892796 0.092671
64 84.739726 60.312237 17.109665 0.091859
65 84.739726 59.627546 17.169576 0.091728
66 84.739726 60.345108 16.740801 0.094512
67 84.739726 60.30238 17.511994 0.091664
68 84.739726 59.9348 17.960649 0.092425
69 84.739726 61.611843 16.717724 0.091395
70 84.739726 60.882752 18.217705 0.089837
71 84.739726 62.049379 17.914041 0.090737
72 84.739726 62.871309 18.092248 0.0864
73 84.739726 61.216904 18.602587 0.085405
74 84.739726 60.771418 18.52759 0.08658
75 84.739726 60.702384 18.987611 0.085114
76 84.739726 61.222781 18.561235 0.084035
77 84.739726 61.997233 18.742135 0.084723
78 84.739726 62.264414 17.676607 0.083533
79 84.739726 63.68185 16.835076 0.083869
80 84.739726 63.171032 16.849374 0.081125
81 84.739726 62.844805 17.454259 0.076879
82 84.835812 62.817058 18.253152 0.077054
83 84.835812 62.399466 18.572379 0.077668
84 84.835812 63.787016 17.201389 0.076792
85 84.835812 64.218768 17.503627 0.077001
86 84.835812 63.609485 17.756402 0.076092
87 84.835812 63.007173 18.023398 0.073237
88 84.835812 61.543494 19.040241 0.072326
89 84.835812 62.917278 17.931685 0.071488
90 84.835812 60.35687 17.575087 0.074261
91 84.835812 59.642858 19.036593 0.072576
92 84.835812 60.175957 18.232888 0.072207
93 84.835812 60.395492 18.04328 0.07406
94 84.909447 61.263077 17.936459 0.075364
95 84.909447 59.263357 19.151244 0.076049
96 84.909447 61.98841 17.390623 0.076648
97 84.909447 62.490486 17.269359 0.075424
98 84.909447 60.982964 18.102209 0.07426
99 84.909447 61.137329 17.73036 0.075112
100 84.909447 60.135843 17.897665 0.074506
101 84.909447 62.075773 16.721321 0.073822
102 84.909447 61.288192 18.033594 0.073108
103 84.909447 62.127506 17.685257 0.069853
104 84.909447 62.169901 17.811002 0.070582
105 84.909447 62.016615 17.899786 0.07171
106 84.909447 62.298531 17.028915 0.072536
107 84.909447 62.022222 17.203241 0.070369
108 84.909447 62.83363 16.120577 0.072205
109 84.909447 63.019121 15.86898 0.073155
110 84.909447 63.75469 15.791581 0.072117
111 84.909447 63.325672 16.332948 0.07096
112 84.909447 62.903874 16.854994 0.071291
113 84.909447 63.591474 16.153222 0.072422
114 84.909447 63.702689 15.786739 0.072685
115 84.909447 64.239775 15.673036 0.072575
116 84.909447 63.744385 16.287254 0.073034
117 84.909447 63.506833 16.41983 0.071783
118 84.909447 63.329648 16.316785 0.071228
119 84.909447 63.654952 16.733968 0.071866
120 84.909447 64.778675 15.735048 0.07305
121 84.909447 64.575874 15.299303 0.073863
122 84.909447 64.89501 15.153121 0.075467
123 84.909447 64.068645 16.870538 0.077225
124 84.909447 61.555055 18.136685 0.075192
125 84.909447 60.96112 18.537834 0.075349
126 84.909447 62.680752 17.96634 0.075344
127 84.909447 64.206703 17.172798 0.07246
128 84.909447 64.454109 16.736261 0.072566
129 84.909447 64.01118 16.420421 0.072297
130 84.909447 64.090702 16.776059 0.071685
131 84.909447 63.608284 17.122394 0.072592
132 84.909447 64.33579 17.002324 0.071536
133 84.909447 64.869815 15.980301 0.071298
134 84.909447 64.322664 17.630207 0.071843
135 84.909447 65.188472 17.532844 0.070767
136 84.909447 66.111686 16.960442 0.070016
137 84.909447 66.365509 17.294358 0.070165
138 84.909447 66.317527 16.554756 0.069185
139 84.909447 65.575977 16.617081 0.068742
140 84.909447 65.713579 15.718486 0.069517
141 84.909447 65.413567 17.527915 0.068533
142 84.909447 64.434469 17.341161 0.07008
143 84.909447 64.256675 17.864407 0.07204
144 84.909447 63.649832 18.121185 0.070216
145 84.909447 63.241417 17.757763 0.070075
146 84.909447 64.32065 16.344228 0.071851
147 84.909447 63.199687 16.314873 0.072449
148 84.909447 63.709948 15.886126 0.073364
149 84.909447 64.504365 15.873143 0.074778
150 84.909447 64.306657 16.050229 0.073833
151 84.909447 63.820159 17.206702 0.074234
152 84.909447 64.642441 16.793758 0.074024
153 84.909447 65.373416 15.699853 0.073336
154 84.909447 65.872132 15.732398 0.072893
155 84.909447 64.997414 17.153136 0.071861
156 84.909447 64.230285 17.131361 0.069974
157 84.909447 64.925579 16.386771 0.070124
158 84.909447 64.611936 17.777855 0.06975
159 84.909447 66.754425 15.665835 0.069371
160 84.909447 67.47522 14.060477 0.068685
161 84.909447 66.385413 14.313149 0.069016
162 84.909447 65.224913 15.107252 0.070051
163 84.909447 64.211479 16.77969 0.070776
164 84.909447 64.169783 17.148304 0.069658
165 84.909447 66.170305 15.829198 0.068285
166 84.909447 66.043278 16.428754 0.068855
167 84.909447 64.958602 17.610692 0.068808
168 84.909447 64.936847 17.228951 0.068666
169 84.909447 65.762882 16.025799 0.068252
170 84.909447 65.260456 15.981051 0.067357
171 84.909447 63.986192 17.146534 0.069038
172 84.909447 64.435098 16.762464 0.069331
173 84.909447 64.653449 16.016406 0.070737
174 84.909447 64.008594 16.471911 0.072376
175 84.909447 63.233165 17.426523 0.071121
176 84.909447 64.165615 17.069743 0.070745
177 84.909447 64.751664 16.895767 0.070156
178 84.909447 62.221696 18.387097 0.068924
179 84.909447 64.263423 16.942669 0.067881
180 84.909447 63.432101 17.100478 0.069891
181 84.909447 63.512005 16.837849 0.07057
182 84.909447 64.493664 16.155985 0.070086
183 84.909447 64.015631 16.534054 0.070738
184 84.909447 64.236797 17.067289 0.069818
185 84.909447 64.432205 17.432309 0.068677
186 84.909447 65.915019 16.586671 0.067632
187 84.909447 64.360959 17.241588 0.068287
188 84.909447 64.220687 16.805204 0.068588
189 84.909447 64.349011 16.201135 0.067258
190 84.909447 62.389278 17.933601 0.066513
191 84.909447 63.141843 16.502011 0.066936
192 84.909447 64.852072 16.247791 0.065839
193 84.909447 64.963923 15.462862 0.065146
194 84.909447 65.839765 14.839067 0.066029
195 84.909447 63.832312 16.01141 0.065784
196 84.909447 64.021361 16.77983 0.066892
197 84.909447 63.227843 17.129494 0.067862
198 84.909447 65.444874 14.2224 0.068785
199 84.909447 63.955351 16.608077 0.067719